2.3297378959341586e-07 0.0015523433685302734
0.00035149246104992926 0.001085519790649414
0.00076822389382869 0.0010755062103271484
0.002235639374703169 0.0011005401611328125
0.0040861330926418304 0.001638174057006836
0.006818519439548254 0.001071929931640625
0.007935518398880959 0.0010831356048583984
0.014811809174716473 0.0010683536529541016
0.014866719953715801 0.001085042953491211
0.017383094877004623 0.0010766983032226562
0.02250109612941742 0.0010678768157958984
0.03386954218149185 0.0010714530944824219
0.0372491218149662 0.0010666847229003906
0.05436009541153908 0.0010647773742675781
0.07763192057609558 0.001065969467163086
0.08191539347171783 0.0010647773742675781
0.0985562726855278 0.001070261001586914
0.09881898760795593 0.001077890396118164
0.11051000654697418 0.0010666847229003906
0.11188376694917679 0.001079559326171875
0.14208674430847168 0.0010633468627929688
0.15553072094917297 0.001087188720703125
0.18234121799468994 0.0010666847229003906
0.20022253692150116 0.0010731220245361328
0.21371851861476898 0.0010762214660644531
0.21551959216594696 0.0010852813720703125
0.21618568897247314 0.0010650157928466797
0.2197575867176056 0.001074075698852539
0.22024329006671906 0.0010688304901123047
0.22030693292617798 0.0010652542114257812
0.21920010447502136 0.0010645389556884766
0.21703459322452545 0.0010752677917480469
0.2119782716035843 0.0010950565338134766
0.20904423296451569 0.0010647773742675781
0.2085423767566681 0.0010840892791748047
0.20800580084323883 0.0010666847229003906
0.20679867267608643 0.0010662078857421875
0.20625904202461243 0.0010635852813720703
0.2063426971435547 0.0010650157928466797
0.206818088889122 0.0010638236999511719
0.2081613689661026 0.0010731220245361328
0.20924799144268036 0.0010640621185302734
0.2112358808517456 0.0010769367218017578
0.21375590562820435 0.0010974407196044922
0.21434038877487183 0.0010673999786376953
0.21556644141674042 0.00107574462890625
0.21707391738891602 0.0010652542114257812
0.2187557965517044 0.0010745525360107422
0.21924607455730438 0.0010671615600585938
0.22006680071353912 0.0010755062103271484
0.2205936312675476 0.0010645389556884766
0.22070670127868652 0.0010867118835449219
0.2205807864665985 0.0010690689086914062
0.22021692991256714 0.0010631084442138672
0.22009389102458954 0.0010616779327392578
0.21979540586471558 0.001062631607055664
0.21970364451408386 0.001062631607055664
0.21935608983039856 0.0010647773742675781
0.2192648947238922 0.0010676383972167969
0.21925340592861176 0.001064300537109375
0.21932971477508545 0.0010688304901123047
0.21965301036834717 0.0010657310485839844
0.21985261142253876 0.0010657310485839844
0.2200506627559662 0.0010836124420166016
0.22043095529079437 0.0010728836059570312
0.2209971845149994 0.001062154769897461
0.22153295576572418 0.0010836124420166016
0.22187435626983643 0.001066446304321289
0.22192242741584778 0.0010797977447509766
0.22226350009441376 0.001070261001586914
0.2224058210849762 0.0010807514190673828
0.22285039722919464 0.0010690689086914062
0.22344693541526794 0.0010673999786376953
0.2238481193780899 0.0010654926300048828
0.22440989315509796 0.001068115234375
0.22448097169399261 0.0010645389556884766
0.22516416013240814 0.0010647773742675781
0.22535330057144165 0.001064300537109375
0.22638961672782898 0.0010688304901123047
0.22710511088371277 0.0010688304901123047
0.22887125611305237 0.0010678768157958984
0.22899878025054932 0.0010852813720703125
0.23117181658744812 0.0010752677917480469
0.23256658017635345 0.0010726451873779297
0.23499518632888794 0.0010638236999511719
0.23904840648174286 0.0010929107666015625
0.2409273087978363 0.0010669231414794922
0.24462512135505676 0.0010726451873779297
0.2458530068397522 0.0010750293731689453
0.24933300912380219 0.001065969467163086
0.25185778737068176 0.0010628700256347656
0.25658896565437317 0.001069784164428711
0.26421263813972473 0.0010647773742675781
0.2725619971752167 0.0010616779327392578
0.27859973907470703 0.0010802745819091797
0.27948155999183655 0.001069784164428711
0.28580808639526367 0.001077890396118164
0.28841304779052734 0.0010690689086914062
0.29604631662368774 0.0011067390441894531
0.30465543270111084 0.0011296272277832031
0.3090664744377136 0.0018854141235351562
0.31360334157943726 0.0018246173858642578
0.31404224038124084 0.0018682479858398438
0.3173106908798218 0.0018444061279296875
0.31799083948135376 0.0018258094787597656
0.3207322359085083 0.001810312271118164
0.3219907879829407 0.0011522769927978516
0.3238557279109955 0.0010662078857421875
0.3239378333091736 0.0010693073272705078
0.3245825171470642 0.0010790824890136719
0.32493194937705994 0.0010657310485839844
0.324946790933609 0.0010857582092285156
0.3249465227127075 0.001085042953491211
0.32492080330848694 0.001064300537109375
0.32471156120300293 0.0010731220245361328
0.32453984022140503 0.0010609626770019531
0.32411739230155945 0.001093149185180664
0.3240911364555359 0.0010676383972167969
0.32406163215637207 0.0010747909545898438
0.3238527178764343 0.0010650157928466797
0.3238120675086975 0.0010700225830078125
0.3237970769405365 0.0013339519500732422
0.3237137198448181 0.001073598861694336
0.3236633539199829 0.0010838508605957031
0.3236629068851471 0.0010688304901123047
0.323691189289093 0.001068115234375
0.32372185587882996 0.0010957717895507812
0.3238092362880707 0.001068115234375
0.32382869720458984 0.0010821819305419922
0.3239303529262543 0.0010657310485839844
0.3240758180618286 0.0010678768157958984
0.32415974140167236 0.0012083053588867188
0.3243056535720825 0.0010750293731689453
0.32434070110321045 0.0010867118835449219
0.32447752356529236 0.0010714530944824219
0.3246179223060608 0.001073598861694336
0.3247133791446686 0.0010678768157958984
0.3247970640659332 0.0010676383972167969
0.32489827275276184 0.0010700225830078125
0.3249359726905823 0.0010747909545898438
0.324952095746994 0.0010759830474853516
0.32497453689575195 0.0010647773742675781
0.32497695088386536 0.0010960102081298828
0.3249664902687073 0.0010631084442138672
0.32495349645614624 0.0010700225830078125
0.32493603229522705 0.0010631084442138672
0.3249129056930542 0.0010616779327392578
0.3248966336250305 0.0010762214660644531
0.3248947262763977 0.001066446304321289
0.3248831629753113 0.0010769367218017578
0.3248741030693054 0.0010652542114257812
0.3248708248138428 0.001065969467163086
0.32487210631370544 0.001065969467163086
0.3248738646507263 0.0010652542114257812
0.32487916946411133 0.0010881423950195312
0.32489097118377686 0.0010671615600585938
0.3249054253101349 0.0010788440704345703
0.32491621375083923 0.0010724067687988281
0.32491761445999146 0.00107574462890625
0.3249291777610779 0.0010652542114257812
0.32493188977241516 0.0010662078857421875
0.3249346613883972 0.001068115234375
0.324945330619812 0.0010695457458496094
0.32495003938674927 0.0010638236999511719
0.32495957612991333 0.0010669231414794922
0.3249676525592804 0.0010831356048583984
0.32497379183769226 0.0010647773742675781
0.3249768316745758 0.0010755062103271484
0.32497847080230713 0.0010645389556884766
0.32497861981391907 0.001073598861694336
0.32497841119766235 0.0010666847229003906
0.324978232383728 0.0010688304901123047
0.3249773681163788 0.0011222362518310547
0.3249770700931549 0.0010647773742675781
0.32497671246528625 0.0010867118835449219
0.3249758183956146 0.0010671615600585938
0.324974924325943 0.0010793209075927734
0.32497459650039673 0.0010671615600585938
0.3249741494655609 0.0010728836059570312
0.3249739408493042 0.0010652542114257812
0.32497379183769226 0.001064300537109375
0.3249738812446594 0.0010650157928466797
0.32497403025627136 0.0010647773742675781
0.32497438788414 0.001074075698852539
0.3249746859073639 0.0010704994201660156
0.32497522234916687 0.001089334487915039
0.3249761462211609 0.0010666847229003906
0.32497674226760864 0.0010745525360107422
0.3249768018722534 0.0010623931884765625
0.3249770402908325 0.0010638236999511719
0.3249776065349579 0.0010654926300048828
0.3249776065349579 0.0010724067687988281
0.3249780535697937 0.0010938644409179688
0.3249782919883728 0.0013065338134765625
0.3249785006046295 0.00107574462890625
0.32497861981391907 0.0010712146759033203
0.32497864961624146 0.0010695457458496094
0.32497864961624146 0.0010678768157958984
0.32497864961624146 0.0010716915130615234
0.3249787390232086 0.0010862350463867188
0.32497870922088623 0.001065969467163086
0.32497861981391907 0.0010738372802734375
0.3249785602092743 0.0012960433959960938
0.3249785602092743 0.0010673999786376953
0.3249785602092743 0.0010755062103271484
0.3249785602092743 0.0010623931884765625
0.3249785006046295 0.0010862350463867188
0.3249785006046295 0.0010645389556884766
0.3249785006046295 0.001077413558959961
0.3249785006046295 0.001071929931640625
0.3249785006046295 0.0010554790496826172
0.3249785006046295 0.0010492801666259766
0.3249785006046295 0.0010561943054199219
0.3249785006046295 0.0010747909545898438
0.3249785602092743 0.0010540485382080078
0.3249785602092743 0.0010683536529541016
0.3249785602092743 0.0010547637939453125
0.3249785602092743 0.0010807514190673828
0.32497861981391907 0.0010523796081542969
0.32497864961624146 0.0010559558868408203
0.32497864961624146 0.0010526180267333984
0.32497870922088623 0.0010869503021240234
0.32497864961624146 0.0010640621185302734
0.32497870922088623 0.0010497570037841797
0.32497864961624146 0.0010569095611572266
0.3249787390232086 0.0010521411895751953
0.32497864961624146 0.001070261001586914
0.32497870922088623 0.001051187515258789
0.32497870922088623 0.0010502338409423828
0.32497864961624146 0.0010557174682617188
0.32497870922088623 0.0010519027709960938
0.32497864961624146 0.0010576248168945312
0.32497870922088623 0.001050710678100586
0.32497870922088623 0.0010731220245361328
0.32497870922088623 0.0010571479797363281
0.32497864961624146 0.001054525375366211
0.32497864961624146 0.0010526180267333984
0.32497864961624146 0.0010521411895751953
0.32497864961624146 0.0013015270233154297
0.32497870922088623 0.0010683536529541016
0.32497870922088623 0.0010814666748046875
0.32497870922088623 0.0010502338409423828
0.32497870922088623 0.0010671615600585938
0.32497870922088623 0.0010502338409423828
0.32497870922088623 0.0010585784912109375
0.32497870922088623 0.0010547637939453125
0.32497870922088623 0.0010559558868408203
0.32497864961624146 0.001073598861694336
0.32497870922088623 0.0010533332824707031
0.32497870922088623 0.0010521411895751953
0.32497870922088623 0.0010528564453125
0.32497870922088623 0.0010564327239990234
0.32497870922088623 0.0010631084442138672
0.3249787390232086 0.0010533332824707031
0.32497870922088623 0.0010607242584228516
0.32497870922088623 0.0010523796081542969
0.3249787390232086 0.0010504722595214844
0.3249787390232086 0.0010526180267333984
0.3249787390232086 0.0010716915130615234
0.3249787390232086 0.0010557174682617188
0.32497870922088623 0.0010542869567871094
0.32497864961624146 0.0010650157928466797
0.3249787390232086 0.0010523796081542969
0.3249787390232086 0.0010571479797363281
0.3249787390232086 0.0010528564453125
0.32497870922088623 0.0010590553283691406
0.32497870922088623 0.0010523796081542969
0.3249787390232086 0.0010576248168945312
0.32497870922088623 0.0010709762573242188
0.3249787390232086 0.0010540485382080078
0.32497870922088623 0.0010685920715332031
0.3249787390232086 0.0010552406311035156
0.32497870922088623 0.0010571479797363281
0.32497870922088623 0.0010519027709960938
0.32497870922088623 0.0010609626770019531
0.32497870922088623 0.0010561943054199219
0.32497870922088623 0.0010597705841064453
0.32497870922088623 0.0010831356048583984
0.3249787390232086 0.0010552406311035156
0.32497870922088623 0.0010685920715332031
0.3249787390232086 0.0010569095611572266
0.3249787390232086 0.001071929931640625
0.32497870922088623 0.0010528564453125
0.32497870922088623 0.0010576248168945312
0.3249787390232086 0.0010585784912109375
0.32497870922088623 0.0010597705841064453
0.3249787390232086 0.0010509490966796875
0.32497870922088623 0.0010585784912109375
0.32497864961624146 0.001065969467163086
0.32497870922088623 0.0010509490966796875
0.3249787390232086 0.0010733604431152344
0.32497870922088623 0.0010516643524169922
0.32497864961624146 0.0010714530944824219
0.3249787390232086 0.0010516643524169922
0.32497870922088623 0.0010602474212646484
0.3249787390232086 0.0010592937469482422
0.32497870922088623 0.0010743141174316406
0.32497864961624146 0.001050710678100586
0.32497870922088623 0.0010540485382080078
0.32497870922088623 0.0010523796081542969
0.3249787390232086 0.0010514259338378906
0.32497870922088623 0.0010528564453125
0.32497870922088623 0.0010523796081542969
0.3249787390232086 0.0010678768157958984
0.3249787390232086 0.0010540485382080078
0.32497870922088623 0.001068115234375
0.32497864961624146 0.0010552406311035156
0.3249787390232086 0.0010700225830078125
0.32497870922088623 0.0010616779327392578
0.32497870922088623 0.0010640621185302734
0.32497870922088623 0.0010519027709960938
0.32497870922088623 0.0010542869567871094
0.32497870922088623 0.001051187515258789
0.32497870922088623 0.0010530948638916016
0.32497870922088623 0.0010769367218017578
0.32497870922088623 0.0010683536529541016
0.32497870922088623 0.0010638236999511719
0.32497870922088623 0.0010542869567871094
0.32497870922088623 0.001073598861694336
0.32497870922088623 0.0010495185852050781
0.32497864961624146 0.0012896060943603516
0.32497870922088623 0.0010602474212646484
0.3249787390232086 0.0010528564453125
0.32497870922088623 0.0010535717010498047
0.32497870922088623 0.0010519027709960938
0.32497870922088623 0.0010521411895751953
0.32497864961624146 0.0010578632354736328
0.32497870922088623 0.0010552406311035156
0.32497870922088623 0.0010707378387451172
0.3249787390232086 0.0010526180267333984
0.3249787390232086 0.0010595321655273438
0.3249787390232086 0.0010495185852050781
0.32497870922088623 0.0010535717010498047
0.32497870922088623 0.001065969467163086
0.32497870922088623 0.0010683536529541016
0.32497870922088623 0.001068115234375
0.32497870922088623 0.0010578632354736328
0.32497870922088623 0.0010800361633300781
0.32497870922088623 0.0010528564453125
0.32497870922088623 0.0010516643524169922
0.32497870922088623 0.001054525375366211
0.32497870922088623 0.0010616779327392578
0.32497870922088623 0.0010616779327392578
0.3249787390232086 0.0010564327239990234
0.3249787390232086 0.0010807514190673828
0.3249787390232086 0.0010578632354736328
0.3249787390232086 0.0010638236999511719
0.3249787390232086 0.0010576248168945312
0.3249787390232086 0.001055002212524414
0.32497870922088623 0.0010552406311035156
0.32497870922088623 0.0010547637939453125
0.32497870922088623 0.0010726451873779297
0.32497870922088623 0.0010519027709960938
0.32497870922088623 0.0010623931884765625
0.3249787390232086 0.0010559558868408203
0.32497864961624146 0.0010547637939453125
0.32497864961624146 0.001054525375366211
0.32497864961624146 0.0010597705841064453
0.32497864961624146 0.0010657310485839844
0.32497864961624146 0.0010547637939453125
0.32497870922088623 0.0010814666748046875
0.32497870922088623 0.0010578632354736328
0.32497870922088623 0.0010609626770019531
0.32497870922088623 0.0010600090026855469
0.32497870922088623 0.0010538101196289062
0.32497870922088623 0.0010571479797363281
0.32497870922088623 0.0010597705841064453
0.32497870922088623 0.0010914802551269531
0.32497870922088623 0.001054525375366211
0.3249787390232086 0.0010571479797363281
0.3249787390232086 0.0010571479797363281
0.3249787390232086 0.0010530948638916016
0.3249787390232086 0.0010628700256347656
0.3249787390232086 0.001054525375366211
0.3249787390232086 0.001068115234375
0.3249787390232086 0.0010509490966796875
0.3249787390232086 0.0010631084442138672
0.3249787390232086 0.0010530948638916016
0.3249787390232086 0.0010542869567871094
0.3249787390232086 0.001054525375366211
0.3249787390232086 0.001058340072631836
0.3249787390232086 0.0010571479797363281
0.3249787390232086 0.0010540485382080078
0.3249787390232086 0.0010733604431152344
0.3249787390232086 0.0010581016540527344
0.3249787390232086 0.0010602474212646484
0.3249787390232086 0.0010581016540527344
0.3249787390232086 0.0010519027709960938
0.3249787390232086 0.0010590553283691406
0.3249787390232086 0.001054525375366211
0.3249787390232086 0.0010552406311035156
0.3249787390232086 0.001055002212524414
0.3249787390232086 0.0010607242584228516
0.3249787390232086 0.0010530948638916016
0.3249787390232086 0.0010836124420166016
0.3249787390232086 0.0010526180267333984
0.3249787390232086 0.0010614395141601562
0.3249787390232086 0.00106048583984375
0.3249787390232086 0.0010623931884765625
0.3249787390232086 0.001051187515258789
0.3249787390232086 0.0010509490966796875
0.3249787390232086 0.0010514259338378906
0.3249787390232086 0.0010538101196289062
0.3249787390232086 0.0010561943054199219
0.3249787390232086 0.0011398792266845703
0.3249787390232086 0.001088857650756836
0.3249787390232086 0.0010552406311035156
0.3249787390232086 0.0010669231414794922
0.3249787390232086 0.0010535717010498047
0.3249787390232086 0.0010788440704345703
0.3249787390232086 0.001064300537109375
0.3249787390232086 0.0010881423950195312
0.3249787390232086 0.0010793209075927734
0.3249787390232086 0.0010747909545898438
0.3249787390232086 0.0010902881622314453
0.3249787390232086 0.001074075698852539
0.3249787390232086 0.0010857582092285156
0.3249787390232086 0.0010733604431152344
0.3249787390232086 0.0010914802551269531
0.3249787390232086 0.0010688304901123047
0.3249787390232086 0.0010776519775390625
0.3249787390232086 0.0010685920715332031
0.3249787390232086 0.001068115234375
0.3249787390232086 0.0010724067687988281
0.3249787390232086 0.0010726451873779297
0.3249787390232086 0.0010676383972167969
0.32497864961624146 0.0010726451873779297
0.32497864961624146 0.0010781288146972656
0.32497864961624146 0.0010690689086914062
0.32497864961624146 0.0010857582092285156
0.32497864961624146 0.001068115234375
0.32497864961624146 0.0010673999786376953
0.32497864961624146 0.0010662078857421875
0.3249787390232086 0.0010685920715332031
0.3249787390232086 0.0010769367218017578
0.3249787390232086 0.0010688304901123047
0.3249787390232086 0.0010900497436523438
0.3249787390232086 0.0010709762573242188
0.3249787390232086 0.0010755062103271484
0.3249787390232086 0.0010669231414794922
0.3249787390232086 0.0010707378387451172
0.3249787390232086 0.0010654926300048828
0.3249787390232086 0.0010695457458496094
0.3249787390232086 0.0010685920715332031
0.32497864961624146 0.0010633468627929688
0.32497864961624146 0.001089334487915039
0.32497864961624146 0.001068115234375
0.32497864961624146 0.0010738372802734375
0.32497864961624146 0.0010700225830078125
0.32497864961624146 0.001062631607055664
0.32497864961624146 0.0010695457458496094
0.3249787390232086 0.0010638236999511719
0.3249787390232086 0.0010678768157958984
0.3249787390232086 0.0010631084442138672
0.3249787390232086 0.0010876655578613281
0.3249787390232086 0.001065969467163086
0.3249787390232086 0.0010874271392822266
0.3249787390232086 0.001070261001586914
0.32497864961624146 0.001068115234375
0.32497864961624146 0.0010652542114257812
0.32497864961624146 0.001069784164428711
0.32497864961624146 0.0010640621185302734
0.32497864961624146 0.0010685920715332031
0.32497864961624146 0.0010633468627929688
0.32497864961624146 0.001071929931640625
0.3249787390232086 0.0010843276977539062
0.3249787390232086 0.0010671615600585938
0.3249787390232086 0.0010762214660644531
0.3249787390232086 0.0010645389556884766
0.3249787390232086 0.0010821819305419922
0.32497870922088623 0.0010635852813720703
0.32497870922088623 0.0010724067687988281
0.32497870922088623 0.001065969467163086
0.32497870922088623 0.0010657310485839844
0.32497870922088623 0.0010633468627929688
0.32497870922088623 0.0010678768157958984
0.32497870922088623 0.0010645389556884766
0.32497870922088623 0.0010623931884765625
0.32497870922088623 0.0010640621185302734
0.32497870922088623 0.001069784164428711
0.32497870922088623 0.0010797977447509766
0.32497870922088623 0.0010616779327392578
0.32497870922088623 0.0010793209075927734
0.32497870922088623 0.0010614395141601562
0.32497870922088623 0.0010712146759033203
0.32497870922088623 0.0010619163513183594
0.32497870922088623 0.0010824203491210938
0.32497870922088623 0.0010633468627929688
0.32497870922088623 0.001064300537109375
0.32497870922088623 0.0010640621185302734
0.32497870922088623 0.0010612010955810547
0.32497870922088623 0.0010962486267089844
0.32497870922088623 0.0010614395141601562
0.32497870922088623 0.001073598861694336
0.3249787390232086 0.0010645389556884766
0.3249787390232086 0.0010874271392822266
0.3249787390232086 0.001062154769897461
0.3249787390232086 0.0010766983032226562
0.32497864961624146 0.0010609626770019531
0.32497864961624146 0.0010602474212646484
0.32497864961624146 0.0010631084442138672
0.32497864961624146 0.0010662078857421875
0.32497864961624146 0.001064300537109375
0.32497864961624146 0.0010993480682373047
0.32497864961624146 0.0010595321655273438
0.3249787390232086 0.001054525375366211
0.3249787390232086 0.0010564327239990234
0.3249787390232086 0.0010590553283691406
0.3249787390232086 0.00106048583984375
0.3249787390232086 0.001058340072631836
0.3249787390232086 0.0010809898376464844
0.3249787390232086 0.001056671142578125
0.32497864961624146 0.001062154769897461
0.32497864961624146 0.0010497570037841797
0.32497864961624146 0.0010547637939453125
0.32497864961624146 0.0010497570037841797
0.32497864961624146 0.0010542869567871094
0.3249787390232086 0.001055002212524414
0.3249787390232086 0.0010528564453125
0.3249787390232086 0.0010569095611572266
0.3249787390232086 0.0010516643524169922
0.3249787390232086 0.0010538101196289062
0.3249787390232086 0.0010530948638916016
0.3249787390232086 0.0010492801666259766
0.3249787390232086 0.0010530948638916016
0.3249787390232086 0.0010700225830078125
0.3249787390232086 0.0010521411895751953
0.3249787390232086 0.001066446304321289
0.3249787390232086 0.001054525375366211
0.3249787390232086 0.0010631084442138672
0.3249787390232086 0.0010561943054199219
0.3249787390232086 0.0010564327239990234
0.3249787390232086 0.0010516643524169922
0.3249787390232086 0.0010805130004882812
0.3249787390232086 0.001064300537109375
0.3249787390232086 0.001062154769897461
0.3249787390232086 0.001068115234375
0.3249787390232086 0.0010561943054199219
0.3249787390232086 0.0010743141174316406
0.3249787390232086 0.0010578632354736328
0.3249787390232086 0.0010616779327392578
0.3249787390232086 0.0010519027709960938
0.3249787390232086 0.0010614395141601562
0.3249787390232086 0.0010528564453125
0.3249787390232086 0.001055002212524414
0.3249787390232086 0.001058340072631836
0.32497864961624146 0.0010509490966796875
0.32497864961624146 0.0010747909545898438
0.3249787390232086 0.0010547637939453125
0.3249787390232086 0.0010676383972167969
0.3249787390232086 0.0010542869567871094
0.3249787390232086 0.0010652542114257812
0.3249787390232086 0.0010521411895751953
0.32497864961624146 0.001051187515258789
0.32497864961624146 0.0010554790496826172
0.32497864961624146 0.0010499954223632812
0.32497864961624146 0.0010533332824707031
0.32497864961624146 0.0010542869567871094
0.3249787390232086 0.0010578632354736328
0.3249787390232086 0.0010523796081542969
0.3249787390232086 0.0010654926300048828
0.3249787390232086 0.0010547637939453125
0.3249787390232086 0.0010781288146972656
0.3249787390232086 0.0010499954223632812
0.3249787390232086 0.0010573863983154297
0.3249787390232086 0.0010492801666259766
0.3249787390232086 0.0010683536529541016
0.3249787390232086 0.001055002212524414
0.3249787390232086 0.0010612010955810547
0.3249787390232086 0.0010499954223632812
0.3249787390232086 0.0010535717010498047
0.3249787390232086 0.0010526180267333984
0.3249787390232086 0.0011181831359863281
0.3249787390232086 0.0010600090026855469
0.3249787390232086 0.0010509490966796875
0.3249787390232086 0.0010552406311035156
0.3249787390232086 0.0010514259338378906
0.3249787390232086 0.0010612010955810547
0.3249787390232086 0.0010528564453125
0.3249787390232086 0.0010635852813720703
0.3249787390232086 0.0010485649108886719
0.3249787390232086 0.0010638236999511719
0.3249787390232086 0.0010516643524169922
0.3249787390232086 0.0010590553283691406
0.3249787390232086 0.0010478496551513672
0.3249787390232086 0.001062154769897461
0.3249787390232086 0.001071929931640625
0.3249787390232086 0.00106048583984375
0.3249787390232086 0.0010509490966796875
0.32497864961624146 0.0010519027709960938
0.32497864961624146 0.0010504722595214844
0.32497864961624146 0.0010523796081542969
0.32497864961624146 0.0010495185852050781
0.32497864961624146 0.0010502338409423828
0.3249787390232086 0.0010802745819091797
0.3249787390232086 0.001054525375366211
0.3249787390232086 0.0010666847229003906
0.3249787390232086 0.0010483264923095703
0.3249787390232086 0.0010676383972167969
0.3249787390232086 0.0010480880737304688
0.3249787390232086 0.001062631607055664
0.3249787390232086 0.0010504722595214844
0.32497864961624146 0.0010519027709960938
0.32497864961624146 0.0010521411895751953
0.32497864961624146 0.0010559558868408203
0.32497864961624146 0.0010502338409423828
0.32497864961624146 0.0010523796081542969
0.32497864961624146 0.0010514259338378906
0.32497864961624146 0.0010581016540527344
0.3249787390232086 0.001062154769897461
0.3249787390232086 0.0010564327239990234
0.3249787390232086 0.0010707378387451172
0.3249787390232086 0.0010492801666259766
0.3249787390232086 0.0010476112365722656
0.3249787390232086 0.0010514259338378906
0.3249787390232086 0.0010492801666259766
0.3249787390232086 0.0010488033294677734
0.3249787390232086 0.0011124610900878906
0.3249787390232086 0.001066446304321289
0.3249787390232086 0.0010516643524169922
0.3249787390232086 0.0010492801666259766
0.3249787390232086 0.0010476112365722656
0.3249787390232086 0.0010523796081542969
0.3249787390232086 0.0010509490966796875
0.3249787390232086 0.0010480880737304688
0.3249787390232086 0.0010523796081542969
0.3249787390232086 0.001050710678100586
0.3249787390232086 0.00107574462890625
0.3249787390232086 0.0010540485382080078
0.3249787390232086 0.0010693073272705078
0.3249787390232086 0.0010571479797363281
0.3249787390232086 0.0010650157928466797
0.3249787390232086 0.0010502338409423828
0.3249787390232086 0.0010499954223632812
0.3249787390232086 0.0010523796081542969
0.3249787390232086 0.0010497570037841797
0.3249787390232086 0.001049041748046875
0.3249787390232086 0.0010504722595214844
0.3249787390232086 0.0010592937469482422
0.3249787390232086 0.0010514259338378906
0.3249787390232086 0.0010833740234375
0.3249787390232086 0.0010476112365722656
0.32497864961624146 0.0010502338409423828
0.32497870922088623 0.0010485649108886719
0.32497870922088623 0.001056671142578125
0.32497870922088623 0.0010497570037841797
0.32497870922088623 0.0010552406311035156
0.32497870922088623 0.0010509490966796875
0.32497870922088623 0.0010523796081542969
0.32497870922088623 0.0010607242584228516
0.32497870922088623 0.0010559558868408203
0.32497870922088623 0.0010683536529541016
0.32497864961624146 0.0010504722595214844
0.32497864961624146 0.0010519027709960938
0.3249787390232086 0.0010516643524169922
0.32497870922088623 0.0010523796081542969
0.3249787390232086 0.001051187515258789
0.3249787390232086 0.0010552406311035156
0.3249787390232086 0.0010569095611572266
0.3249787390232086 0.0010497570037841797
0.3249787390232086 0.0010602474212646484
0.3249787390232086 0.0010516643524169922
0.3249787390232086 0.0010764598846435547
0.32497870922088623 0.001054525375366211
0.32497870922088623 0.001058340072631836
0.32497870922088623 0.001050710678100586
0.3249787390232086 0.0010693073272705078
0.3249787390232086 0.0010504722595214844
0.32497870922088623 0.0010592937469482422
0.32497870922088623 0.001051187515258789
0.32497870922088623 0.0010712146759033203
0.32497870922088623 0.0010480880737304688
0.32497870922088623 0.0010523796081542969
0.32497864961624146 0.0010504722595214844
0.32497864961624146 0.0010497570037841797
0.32497864961624146 0.0010483264923095703
0.3249787390232086 0.0010497570037841797
0.3249787390232086 0.0010571479797363281
0.3249787390232086 0.001056671142578125
0.3249787390232086 0.0010552406311035156
0.3249787390232086 0.001058816909790039
0.3249787390232086 0.0010623931884765625
0.3249787390232086 0.0010521411895751953
0.3249787390232086 0.0010750293731689453
0.3249787390232086 0.0010538101196289062
0.32497864961624146 0.001050710678100586
0.32497864961624146 0.0010519027709960938
0.32497864961624146 0.0010502338409423828
0.32497864961624146 0.0010471343994140625
0.32497864961624146 0.0010509490966796875
0.32497864961624146 0.0010497570037841797
0.32497864961624146 0.0010502338409423828
0.32497864961624146 0.0010666847229003906
0.32497864961624146 0.0010485649108886719
0.3249787390232086 0.0010623931884765625
0.32497870922088623 0.0010499954223632812
0.32497870922088623 0.0010607242584228516
0.32497870922088623 0.0010516643524169922
0.32497870922088623 0.0010521411895751953
0.32497870922088623 0.0010521411895751953
0.32497870922088623 0.0010514259338378906
0.32497870922088623 0.0010573863983154297
0.32497870922088623 0.001055002212524414
0.3249787390232086 0.0010504722595214844
0.32497870922088623 0.0010516643524169922
0.32497870922088623 0.0010595321655273438
0.32497870922088623 0.0010523796081542969
0.3249787390232086 0.0010688304901123047
0.3249787390232086 0.0010521411895751953
0.32497864961624146 0.0010521411895751953
0.32497864961624146 0.001055002212524414
0.32497864961624146 0.0010631084442138672
0.32497864961624146 0.0010612010955810547
0.3249787390232086 0.0010671615600585938
0.3249787390232086 0.0011014938354492188
0.3249787390232086 0.0010628700256347656
0.32497870922088623 0.0010731220245361328
0.32497870922088623 0.0010673999786376953
0.32497870922088623 0.001066446304321289
0.32497870922088623 0.0010600090026855469
0.32497870922088623 0.0010657310485839844
0.32497870922088623 0.0010898113250732422
0.32497870922088623 0.0010657310485839844
0.32497870922088623 0.0010762214660644531
0.3249787390232086 0.0010638236999511719
0.3249787390232086 0.00106048583984375
0.3249787390232086 0.0010616779327392578
0.3249787390232086 0.0010676383972167969
0.3249787390232086 0.0010776519775390625
0.32497864961624146 0.0010616779327392578
0.32497864961624146 0.0010728836059570312
0.32497864961624146 0.001062154769897461
0.32497864961624146 0.0010743141174316406
0.32497864961624146 0.001062154769897461
0.32497864961624146 0.001062631607055664
0.3249787390232086 0.0010619163513183594
0.3249787390232086 0.0010609626770019531
0.3249787390232086 0.0010623931884765625
0.3249787390232086 0.0010528564453125
0.3249787390232086 0.0010733604431152344
0.3249787390232086 0.0010523796081542969
0.3249787390232086 0.0010530948638916016
0.3249787390232086 0.001054525375366211
0.3249787390232086 0.0010559558868408203
0.3249787390232086 0.0010542869567871094
0.3249787390232086 0.001058340072631836
0.3249787390232086 0.0010752677917480469
0.3249787390232086 0.0010542869567871094
0.3249787390232086 0.001066446304321289
0.3249787390232086 0.001054525375366211
0.3249787390232086 0.0010607242584228516
0.3249787390232086 0.0010571479797363281
0.3249787390232086 0.001064300537109375
0.3249787390232086 0.0010519027709960938
0.3249787390232086 0.0010559558868408203
0.3249787390232086 0.0010521411895751953
0.3249787390232086 0.0010516643524169922
0.3249787390232086 0.0010559558868408203
0.32497864961624146 0.0010559558868408203
0.32497864961624146 0.0010666847229003906
0.32497864961624146 0.001055002212524414
0.3249787390232086 0.0010592937469482422
0.3249787390232086 0.0010523796081542969
0.3249787390232086 0.0010700225830078125
0.3249787390232086 0.0010530948638916016
0.3249787390232086 0.0010592937469482422
0.3249787390232086 0.0010521411895751953
0.3249787390232086 0.0010750293731689453
0.32497864961624146 0.0010538101196289062
0.32497864961624146 0.001054525375366211
0.32497864961624146 0.0010533332824707031
0.32497864961624146 0.0010669231414794922
0.32497864961624146 0.0010814666748046875
0.32497864961624146 0.0010564327239990234
0.32497864961624146 0.0010724067687988281
0.32497864961624146 0.0010559558868408203
0.32497864961624146 0.0010650157928466797
0.3249787390232086 0.001051187515258789
0.3249787390232086 0.0010595321655273438
0.3249787390232086 0.0010559558868408203
0.3249787390232086 0.0010540485382080078
0.3249787390232086 0.0010528564453125
0.3249787390232086 0.0010538101196289062
0.3249787390232086 0.0010657310485839844
0.3249787390232086 0.0010540485382080078
0.3249787390232086 0.0010690689086914062
0.32497870922088623 0.0010519027709960938
0.3249787390232086 0.0010607242584228516
0.3249787390232086 0.0010533332824707031
0.3249787390232086 0.0010707378387451172
0.32497864961624146 0.0010688304901123047
0.32497864961624146 0.0010557174682617188
0.32497864961624146 0.001058340072631836
0.32497864961624146 0.0010592937469482422
0.32497864961624146 0.0010752677917480469
0.32497864961624146 0.0010516643524169922
0.3249787390232086 0.0010669231414794922
0.3249787390232086 0.0010526180267333984
0.32497870922088623 0.0010695457458496094
0.32497870922088623 0.00106048583984375
0.32497870922088623 0.0010516643524169922
0.32497870922088623 0.0010533332824707031
0.32497870922088623 0.0010590553283691406
0.32497870922088623 0.0010526180267333984
0.32497870922088623 0.0010528564453125
0.32497870922088623 0.0010747909545898438
0.32497870922088623 0.001054525375366211
0.32497870922088623 0.0010662078857421875
0.32497870922088623 0.001055002212524414
0.32497870922088623 0.0010669231414794922
0.32497870922088623 0.001056671142578125
0.32497870922088623 0.0010526180267333984
0.32497870922088623 0.0010547637939453125
0.32497870922088623 0.0010519027709960938
0.32497870922088623 0.0010592937469482422
0.3249787390232086 0.001055002212524414
0.3249787390232086 0.0010733604431152344
0.32497864961624146 0.0010535717010498047
0.32497864961624146 0.0010519027709960938
0.32497864961624146 0.0010547637939453125
0.32497864961624146 0.0010571479797363281
0.3249787390232086 0.001062631607055664
0.3249787390232086 0.0010502338409423828
0.3249787390232086 0.0010786056518554688
0.3249787390232086 0.0010499954223632812
0.3249787390232086 0.0010535717010498047
0.32497864961624146 0.0010521411895751953
0.32497864961624146 0.0010535717010498047
0.32497864961624146 0.0010879039764404297
0.32497864961624146 0.0010561943054199219
0.3249787390232086 0.0010826587677001953
0.3249787390232086 0.001055002212524414
0.3249787390232086 0.0010547637939453125
0.32497870922088623 0.0010526180267333984
0.32497870922088623 0.0010561943054199219
0.32497870922088623 0.0010535717010498047
0.32497870922088623 0.001055002212524414
0.32497870922088623 0.001077413558959961
0.32497870922088623 0.0010528564453125
0.32497870922088623 0.0010638236999511719
0.32497870922088623 0.001050710678100586
0.32497870922088623 0.0010573863983154297
0.32497870922088623 0.0011396408081054688
0.32497870922088623 0.0010499954223632812
0.32497870922088623 0.0010862350463867188
0.32497870922088623 0.0010530948638916016
0.32497870922088623 0.00106048583984375
0.32497870922088623 0.001070261001586914
0.32497870922088623 0.0010781288146972656
0.32497870922088623 0.0010514259338378906
0.32497870922088623 0.0010552406311035156
0.3249787390232086 0.0010504722595214844
0.3249787390232086 0.0010528564453125
0.32497864961624146 0.0010716915130615234
0.32497864961624146 0.001055002212524414
0.32497864961624146 0.0010790824890136719
0.32497864961624146 0.0010592937469482422
0.32497864961624146 0.0010540485382080078
0.3249787390232086 0.0010523796081542969
0.3249787390232086 0.0010552406311035156
0.3249787390232086 0.0010597705841064453
0.3249787390232086 0.0010509490966796875
0.3249787390232086 0.0010647773742675781
0.32497864961624146 0.0010504722595214844
0.32497864961624146 0.0010745525360107422
0.32497864961624146 0.0010581016540527344
0.32497864961624146 0.001050710678100586
0.3249787390232086 0.0010509490966796875
0.3249787390232086 0.0010592937469482422
0.3249787390232086 0.0010807514190673828
0.3249787390232086 0.001051187515258789
0.32497864961624146 0.0010647773742675781
0.32497864961624146 0.0010616779327392578
0.32497864961624146 0.0010607242584228516
0.32497864961624146 0.0010540485382080078
0.3249787390232086 0.0010557174682617188
0.32497870922088623 0.0010557174682617188
0.32497870922088623 0.001055002212524414
0.32497870922088623 0.001054525375366211
0.32497870922088623 0.0011463165283203125
0.32497870922088623 0.0010647773742675781
0.32497870922088623 0.001051187515258789
0.32497870922088623 0.0010540485382080078
0.32497870922088623 0.0010592937469482422
0.32497870922088623 0.0010540485382080078
0.32497870922088623 0.001051187515258789
0.32497870922088623 0.0010554790496826172
0.32497870922088623 0.0010533332824707031
0.32497870922088623 0.0010514259338378906
0.32497870922088623 0.0010750293731689453
0.32497870922088623 0.001054525375366211
0.32497870922088623 0.0010738372802734375
0.3249787390232086 0.001055002212524414
0.3249787390232086 0.001056671142578125
0.32497864961624146 0.0010526180267333984
0.32497864961624146 0.0010528564453125
0.32497864961624146 0.0010616779327392578
0.32497864961624146 0.001055002212524414
0.32497864961624146 0.001066446304321289
0.3249787390232086 0.0010581016540527344
0.3249787390232086 0.0010631084442138672
0.3249787390232086 0.0010552406311035156
0.3249787390232086 0.0010654926300048828
0.3249787390232086 0.0010519027709960938
0.3249787390232086 0.0010542869567871094
0.32497864961624146 0.0010576248168945312
0.32497864961624146 0.0010516643524169922
0.32497864961624146 0.001070261001586914
0.32497864961624146 0.0010495185852050781
0.32497864961624146 0.0010585784912109375
0.3249787390232086 0.0010569095611572266
0.3249787390232086 0.0010554790496826172
0.3249787390232086 0.0010526180267333984
0.3249787390232086 0.0010573863983154297
0.3249787390232086 0.001054525375366211
0.32497870922088623 0.0010528564453125
0.32497870922088623 0.0010540485382080078
0.32497870922088623 0.0010514259338378906
0.32497870922088623 0.0010645389556884766
0.32497870922088623 0.0010578632354736328
0.32497870922088623 0.0010623931884765625
0.32497870922088623 0.0010521411895751953
0.3249787390232086 0.0010514259338378906
0.3249787390232086 0.0010571479797363281
0.3249787390232086 0.0010547637939453125
0.32497870922088623 0.0010533332824707031
0.32497870922088623 0.0010585784912109375
0.32497870922088623 0.0010640621185302734
0.32497870922088623 0.0010528564453125
0.32497870922088623 0.0010690689086914062
0.32497864961624146 0.0010521411895751953
0.32497864961624146 0.0010533332824707031
0.32497864961624146 0.0010509490966796875
0.3249787390232086 0.0010843276977539062
0.32497870922088623 0.0010673999786376953
0.3249787390232086 0.0010521411895751953
0.3249787390232086 0.0010688304901123047
0.32497870922088623 0.0010509490966796875
0.32497870922088623 0.0010523796081542969
0.32497870922088623 0.0010485649108886719
0.32497870922088623 0.0010614395141601562
0.3249787390232086 0.0010595321655273438
0.32497864961624146 0.0010573863983154297
0.32497864961624146 0.0010631084442138672
0.3249787390232086 0.001058340072631836
0.3249787390232086 0.0010695457458496094
0.3249787390232086 0.001065969467163086
0.3249787390232086 0.0010790824890136719
0.3249787390232086 0.0010602474212646484
0.3249787390232086 0.001058816909790039
0.32497864961624146 0.0010616779327392578
0.32497864961624146 0.0010614395141601562
0.32497864961624146 0.00106048583984375
0.32497864961624146 0.0010595321655273438
0.32497864961624146 0.0010695457458496094
0.32497864961624146 0.0010559558868408203
0.32497864961624146 0.0010662078857421875
0.32497864961624146 0.0010590553283691406
0.32497864961624146 0.00106048583984375
0.3249787390232086 0.0010547637939453125
0.3249787390232086 0.001058816909790039
0.3249787390232086 0.0010709762573242188
0.3249787390232086 0.0010592937469482422
0.3249787390232086 0.0010569095611572266
0.32497870922088623 0.0010635852813720703
0.32497870922088623 0.0010554790496826172
0.32497870922088623 0.0010640621185302734
0.32497870922088623 0.0010614395141601562
0.32497870922088623 0.0010800361633300781
0.32497870922088623 0.0010597705841064453
0.32497870922088623 0.0010745525360107422
0.32497870922088623 0.0010564327239990234
0.32497870922088623 0.0010581016540527344
0.32497870922088623 0.0010564327239990234
0.32497870922088623 0.0010614395141601562
0.3249787390232086 0.0010564327239990234
0.3249787390232086 0.0010592937469482422
0.3249787390232086 0.0010745525360107422
0.3249787390232086 0.001055002212524414
0.3249787390232086 0.0010781288146972656
0.32497864961624146 0.0010559558868408203
0.32497864961624146 0.0010640621185302734
0.32497864961624146 0.0010561943054199219
0.32497864961624146 0.0010585784912109375
0.32497864961624146 0.0010771751403808594
0.3249787390232086 0.00106048583984375
0.3249787390232086 0.0010714530944824219
0.3249787390232086 0.0010647773742675781
0.3249787390232086 0.0010819435119628906
0.3249787390232086 0.001062154769897461
0.3249787390232086 0.0010581016540527344
0.3249787390232086 0.0010597705841064453
0.3249787390232086 0.001062631607055664
0.3249787390232086 0.0010673999786376953
0.3249787390232086 0.0010578632354736328
0.3249787390232086 0.0010912418365478516
0.3249787390232086 0.0010564327239990234
0.3249787390232086 0.001058340072631836
0.3249787390232086 0.0010569095611572266
0.3249787390232086 0.0010564327239990234
0.3249787390232086 0.0010726451873779297
0.32497864961624146 0.0010552406311035156
0.32497870922088623 0.0010590553283691406
0.32497870922088623 0.0010616779327392578
0.32497870922088623 0.0010595321655273438
0.32497870922088623 0.0011343955993652344
0.32497870922088623 0.0010585784912109375
0.32497870922088623 0.0010759830474853516
0.32497870922088623 0.0010650157928466797
0.32497870922088623 0.0010585784912109375
0.3249787390232086 0.0010633468627929688
0.3249787390232086 0.0010597705841064453
0.3249787390232086 0.0010769367218017578
0.32497870922088623 0.0010557174682617188
0.32497870922088623 0.0010986328125
0.32497870922088623 0.0010559558868408203
0.3249787390232086 0.00106048583984375
0.3249787390232086 0.001056671142578125
0.3249787390232086 0.0010576248168945312
0.32497870922088623 0.0010595321655273438
0.32497870922088623 0.0010595321655273438
0.3249787390232086 0.0010809898376464844
0.3249787390232086 0.0010662078857421875
0.3249787390232086 0.0010738372802734375
0.3249787390232086 0.001062154769897461
0.3249787390232086 0.0010547637939453125
0.32497864961624146 0.0010576248168945312
0.32497864961624146 0.0010631084442138672
0.32497864961624146 0.0010559558868408203
0.32497864961624146 0.001054525375366211
0.32497864961624146 0.0010581016540527344
0.3249787390232086 0.0010569095611572266
0.3249787390232086 0.0010654926300048828
0.3249787390232086 0.0010616779327392578
0.3249787390232086 0.001062154769897461
0.32497864961624146 0.0010521411895751953
0.32497864961624146 0.0010635852813720703
0.32497864961624146 0.0010578632354736328
0.3249787390232086 0.001081228256225586
0.3249787390232086 0.0010528564453125
0.3249787390232086 0.0010592937469482422
0.3249787390232086 0.0010535717010498047
0.32497864961624146 0.0010542869567871094
0.3249787390232086 0.001056671142578125
0.3249787390232086 0.0010561943054199219
0.3249787390232086 0.0010547637939453125
0.3249787390232086 0.0010600090026855469
0.3249787390232086 0.0010673999786376953
0.3249787390232086 0.001051187515258789
0.3249787390232086 0.0010762214660644531
0.3249787390232086 0.0010547637939453125
0.3249787390232086 0.0010752677917480469
0.3249787390232086 0.0010666847229003906
0.3249787390232086 0.0010895729064941406
0.32497864961624146 0.0010590553283691406
0.32497864961624146 0.0010564327239990234
0.32497864961624146 0.0010576248168945312
0.3249787390232086 0.0010638236999511719
0.3249787390232086 0.0010581016540527344
0.3249787390232086 0.0010514259338378906
0.3249787390232086 0.0010516643524169922
0.32497864961624146 0.001054525375366211
0.32497864961624146 0.001062154769897461
0.32497864961624146 0.0010504722595214844
0.3249787390232086 0.0010726451873779297
0.3249787390232086 0.0010516643524169922
0.3249787390232086 0.0010495185852050781
0.3249787390232086 0.0010504722595214844
0.3249787390232086 0.0010492801666259766
0.3249787390232086 0.0010476112365722656
0.3249787390232086 0.001049041748046875
0.3249787390232086 0.0010571479797363281
0.3249787390232086 0.0010519027709960938
0.3249787390232086 0.0010628700256347656
0.3249787390232086 0.0010533332824707031
0.3249787390232086 0.0010654926300048828
0.3249787390232086 0.0010523796081542969
0.3249787390232086 0.0010592937469482422
0.3249787390232086 0.0010492801666259766
0.3249787390232086 0.001050710678100586
0.3249787390232086 0.0010535717010498047
0.3249787390232086 0.001058816909790039
0.32497864961624146 0.0010669231414794922
0.32497864961624146 0.001050710678100586
0.3249787390232086 0.001058340072631836
0.3249787390232086 0.0010499954223632812
0.3249787390232086 0.0010592937469482422
0.3249787390232086 0.0010533332824707031
0.32497864961624146 0.0010755062103271484
0.32497864961624146 0.001047372817993164
0.32497864961624146 0.0010464191436767578
0.32497864961624146 0.0010480880737304688
0.3249787390232086 0.0010499954223632812
0.3249787390232086 0.0010542869567871094
0.3249787390232086 0.0010559558868408203
0.3249787390232086 0.0010709762573242188
0.3249787390232086 0.0010478496551513672
0.3249787390232086 0.0010480880737304688
0.3249787390232086 0.0010519027709960938
0.3249787390232086 0.0010535717010498047
0.3249787390232086 0.0010762214660644531
0.3249787390232086 0.0010516643524169922
0.3249787390232086 0.001062631607055664
0.32497864961624146 0.0010528564453125
0.32497864961624146 0.001058340072631836
0.32497864961624146 0.0010509490966796875
0.32497864961624146 0.0010576248168945312
0.3249787390232086 0.0010542869567871094
0.3249787390232086 0.0010538101196289062
0.3249787390232086 0.0010480880737304688
0.32497870922088623 0.0010485649108886719
0.32497870922088623 0.001049041748046875
0.32497870922088623 0.001046895980834961
0.32497870922088623 0.0010461807250976562
0.32497870922088623 0.0010547637939453125
0.3249787390232086 0.0010700225830078125
0.3249787390232086 0.0010552406311035156
0.3249787390232086 0.0010602474212646484
0.32497864961624146 0.001050710678100586
0.32497864961624146 0.0010633468627929688
0.32497864961624146 0.0010561943054199219
0.32497864961624146 0.0010552406311035156
0.32497864961624146 0.0010499954223632812
0.3249787390232086 0.0010542869567871094
0.3249787390232086 0.0010533332824707031
0.3249787390232086 0.0010502338409423828
0.3249787390232086 0.0010542869567871094
0.3249787390232086 0.0010483264923095703
0.3249787390232086 0.0010485649108886719
0.3249787390232086 0.0010530948638916016
0.3249787390232086 0.0010483264923095703
0.3249787390232086 0.001047372817993164
0.3249787390232086 0.0010590553283691406
0.32497864961624146 0.001049041748046875
0.32497864961624146 0.0010669231414794922
0.32497864961624146 0.0010485649108886719
0.32497864961624146 0.001050710678100586
0.32497864961624146 0.0010535717010498047
0.3249787390232086 0.0010538101196289062
0.3249787390232086 0.0010533332824707031
0.32497870922088623 0.0010483264923095703
0.32497870922088623 0.0010516643524169922
0.32497870922088623 0.001050710678100586
0.32497870922088623 0.0010616779327392578
0.32497870922088623 0.0012173652648925781
0.32497870922088623 0.0010716915130615234
0.32497870922088623 0.001046895980834961
0.32497870922088623 0.001065969467163086
0.32497870922088623 0.001054525375366211
0.32497870922088623 0.0010530948638916016
0.32497870922088623 0.0010488033294677734
0.32497870922088623 0.0010492801666259766
0.32497870922088623 0.0010476112365722656
0.3249787390232086 0.0010495185852050781
0.3249787390232086 0.0010528564453125
0.3249787390232086 0.0010552406311035156
0.32497864961624146 0.0010619163513183594
0.32497864961624146 0.0010528564453125
0.32497864961624146 0.0010669231414794922
0.32497864961624146 0.0010483264923095703
0.32497864961624146 0.0010764598846435547
0.32497864961624146 0.0010509490966796875
0.32497864961624146 0.001062154769897461
0.3249787390232086 0.0010514259338378906
0.32497870922088623 0.001054525375366211
0.32497870922088623 0.0010485649108886719
0.32497870922088623 0.0010526180267333984
0.32497870922088623 0.0010483264923095703
0.32497870922088623 0.001047372817993164
0.32497870922088623 0.0010478496551513672
0.32497870922088623 0.0010499954223632812
0.32497870922088623 0.0010533332824707031
0.32497870922088623 0.0010488033294677734
0.32497870922088623 0.0010638236999511719
0.32497870922088623 0.0010461807250976562
0.32497870922088623 0.0010769367218017578
0.32497870922088623 0.001058816909790039
0.32497870922088623 0.0010671615600585938
0.32497870922088623 0.0010552406311035156
0.3249787390232086 0.0010654926300048828
0.32497864961624146 0.0010499954223632812
0.32497864961624146 0.0010595321655273438
0.32497864961624146 0.001249074935913086
0.3249787390232086 0.001047372817993164
0.3249787390232086 0.0010457038879394531
0.3249787390232086 0.0010457038879394531
0.3249787390232086 0.0010466575622558594
0.32497864961624146 0.001050710678100586
0.32497864961624146 0.001047372817993164
0.32497864961624146 0.0010499954223632812
0.32497864961624146 0.001069784164428711
0.3249787390232086 0.0010523796081542969
0.3249787390232086 0.001058816909790039
0.32497870922088623 0.0010483264923095703
0.32497870922088623 0.0010602474212646484
0.32497870922088623 0.0010540485382080078
0.32497870922088623 0.001065969467163086
0.32497870922088623 0.0010499954223632812
0.32497870922088623 0.0010504722595214844
0.32497870922088623 0.0010471343994140625
0.32497870922088623 0.0010497570037841797
0.32497870922088623 0.0010471343994140625
0.32497870922088623 0.001049041748046875
0.32497870922088623 0.0010628700256347656
0.32497870922088623 0.0010480880737304688
0.32497870922088623 0.0010786056518554688
0.3249787390232086 0.0010516643524169922
0.3249787390232086 0.0010573863983154297
0.3249787390232086 0.0010461807250976562
0.32497864961624146 0.0010676383972167969
0.32497864961624146 0.0010483264923095703
0.32497864961624146 0.001058816909790039
0.32497864961624146 0.0010528564453125
0.3249787390232086 0.0010712146759033203
0.3249787390232086 0.001050710678100586
0.3249787390232086 0.0010542869567871094
0.3249787390232086 0.0010530948638916016
0.3249787390232086 0.0010471343994140625
0.3249787390232086 0.0010528564453125
0.3249787390232086 0.0010476112365722656
0.3249787390232086 0.001051187515258789
0.3249787390232086 0.0010485649108886719
0.32497864961624146 0.0010471343994140625
0.32497864961624146 0.001047372817993164
0.32497864961624146 0.0010671615600585938
0.32497864961624146 0.001047372817993164
0.3249787390232086 0.0010576248168945312
0.3249787390232086 0.001046895980834961
0.3249787390232086 0.0010752677917480469
0.3249787390232086 0.001047372817993164
0.32497870922088623 0.0010592937469482422
0.32497870922088623 0.0010526180267333984
0.32497870922088623 0.001064300537109375
0.3249787390232086 0.00106048583984375
0.3249787390232086 0.0010614395141601562
0.3249787390232086 0.001047372817993164
0.3249787390232086 0.0010759830474853516
0.3249787390232086 0.0010480880737304688
0.32497864961624146 0.001056671142578125
0.32497864961624146 0.0010542869567871094
0.32497864961624146 0.0010485649108886719
0.32497864961624146 0.0010464191436767578
0.32497864961624146 0.0010509490966796875
0.32497864961624146 0.0010552406311035156
0.3249787390232086 0.0010552406311035156
0.3249787390232086 0.0010521411895751953
0.3249787390232086 0.0010521411895751953
0.3249787390232086 0.001050710678100586
0.3249787390232086 0.0010535717010498047
0.3249787390232086 0.0010540485382080078
0.3249787390232086 0.0010447502136230469
0.3249787390232086 0.0010640621185302734
0.32497870922088623 0.0010516643524169922
0.3249787390232086 0.0010554790496826172
0.3249787390232086 0.0010571479797363281
0.3249787390232086 0.001071929931640625
0.3249787390232086 0.0010502338409423828
0.32497864961624146 0.0010590553283691406
0.32497864961624146 0.0010499954223632812
0.32497864961624146 0.0010712146759033203
0.32497864961624146 0.0010495185852050781
0.32497864961624146 0.0010602474212646484
0.3249787390232086 0.0010488033294677734
0.3249787390232086 0.0010466575622558594
0.32497870922088623 0.0010478496551513672
0.32497870922088623 0.0010528564453125
0.32497870922088623 0.0010485649108886719
0.32497870922088623 0.001049041748046875
0.32497870922088623 0.0012574195861816406
0.32497870922088623 0.0010488033294677734
0.3249787390232086 0.001069784164428711
0.3249787390232086 0.0010499954223632812
0.32497864961624146 0.0010647773742675781
0.32497864961624146 0.0010504722595214844
0.32497870922088623 0.0010514259338378906
0.32497870922088623 0.0010485649108886719
0.32497864961624146 0.0010495185852050781
0.3249787390232086 0.0010464191436767578
0.3249787390232086 0.0012171268463134766
0.3249787390232086 0.0010600090026855469
0.32497870922088623 0.0010533332824707031
0.32497870922088623 0.0010733604431152344
0.32497870922088623 0.0010542869567871094
0.32497870922088623 0.0010581016540527344
0.32497870922088623 0.0010528564453125
0.32497870922088623 0.0010652542114257812
0.32497870922088623 0.0010523796081542969
0.3249787390232086 0.0010523796081542969
0.3249787390232086 0.0010485649108886719
0.32497864961624146 0.0010483264923095703
0.32497864961624146 0.0010635852813720703
0.32497864961624146 0.0010497570037841797
0.32497864961624146 0.0010704994201660156
0.32497864961624146 0.0010495185852050781
0.3249787390232086 0.0010569095611572266
0.3249787390232086 0.0010483264923095703
0.3249787390232086 0.0010478496551513672
0.3249787390232086 0.0010483264923095703
0.3249787390232086 0.0010523796081542969
0.32497870922088623 0.0010590553283691406
0.32497870922088623 0.0010497570037841797
0.32497870922088623 0.00106048583984375
0.32497870922088623 0.0010471343994140625
0.32497870922088623 0.0010476112365722656
0.3249787390232086 0.001051187515258789
0.3249787390232086 0.001055002212524414
0.3249787390232086 0.0010471343994140625
0.3249787390232086 0.0010483264923095703
0.32497864961624146 0.0010492801666259766
0.32497864961624146 0.0010533332824707031
0.32497864961624146 0.0010476112365722656
0.3249787390232086 0.0010488033294677734
0.3249787390232086 0.0010557174682617188
0.32497864961624146 0.0010476112365722656
0.32497864961624146 0.0010578632354736328
0.3249787390232086 0.0010495185852050781
0.32497870922088623 0.0010786056518554688
0.32497870922088623 0.0010454654693603516
0.32497870922088623 0.0010499954223632812
0.32497870922088623 0.00104522705078125
0.32497870922088623 0.0010492801666259766
0.32497870922088623 0.0010471343994140625
0.32497870922088623 0.0010497570037841797
0.32497870922088623 0.001077890396118164
0.32497870922088623 0.0010502338409423828
0.32497870922088623 0.0010573863983154297
0.32497870922088623 0.001047372817993164
0.32497870922088623 0.0010695457458496094
0.32497870922088623 0.0010530948638916016
0.3249787390232086 0.001066446304321289
0.3249787390232086 0.0010502338409423828
0.3249787390232086 0.0010485649108886719
0.3249787390232086 0.0010485649108886719
0.32497864961624146 0.0010466575622558594
0.32497864961624146 0.0010461807250976562
0.32497864961624146 0.0010538101196289062
0.32497864961624146 0.0010619163513183594
0.32497864961624146 0.0010480880737304688
0.3249787390232086 0.0010745525360107422
0.3249787390232086 0.0010461807250976562
0.3249787390232086 0.0010657310485839844
0.3249787390232086 0.0010464191436767578
0.3249787390232086 0.0010480880737304688
0.32497864961624146 0.0010502338409423828
0.32497864961624146 0.0010461807250976562
0.32497864961624146 0.0010499954223632812
0.32497864961624146 0.0010502338409423828
0.32497864961624146 0.0010693073272705078
0.3249787390232086 0.0010499954223632812
0.3249787390232086 0.0010578632354736328
0.3249787390232086 0.0010464191436767578
0.3249787390232086 0.0010628700256347656
0.3249787390232086 0.0010497570037841797
0.3249787390232086 0.0010466575622558594
0.32497864961624146 0.0010478496551513672
0.3249787390232086 0.0010492801666259766
0.3249787390232086 0.001046895980834961
0.3249787390232086 0.0010471343994140625
0.3249787390232086 0.0010495185852050781
0.3249787390232086 0.001047372817993164
0.3249787390232086 0.0010464191436767578
0.3249787390232086 0.0010569095611572266
0.3249787390232086 0.0010716915130615234
0.3249787390232086 0.0010526180267333984
0.3249787390232086 0.0010743141174316406
0.3249787390232086 0.00106048583984375
0.3249787390232086 0.0010712146759033203
0.3249787390232086 0.0010540485382080078
0.3249787390232086 0.0010573863983154297
0.3249787390232086 0.0010528564453125
0.3249787390232086 0.0010519027709960938
0.32497864961624146 0.0010526180267333984
0.32497870922088623 0.0010561943054199219
0.32497870922088623 0.0010554790496826172
0.32497870922088623 0.0010535717010498047
0.32497870922088623 0.0010685920715332031
0.32497870922088623 0.0010535717010498047
0.32497870922088623 0.0010585784912109375
0.32497864961624146 0.001051187515258789
0.3249787390232086 0.0010650157928466797
0.32497870922088623 0.0010561943054199219
0.32497870922088623 0.001062631607055664
0.32497870922088623 0.0010585784912109375
0.32497870922088623 0.001051187515258789
0.32497870922088623 0.0010519027709960938
0.32497870922088623 0.0010547637939453125
0.32497870922088623 0.0010600090026855469
0.32497870922088623 0.0010557174682617188
0.32497870922088623 0.0010628700256347656
0.32497870922088623 0.0010495185852050781
0.32497870922088623 0.001074075698852539
0.32497870922088623 0.001054525375366211
0.32497870922088623 0.0010554790496826172
0.32497870922088623 0.0010466575622558594
0.32497870922088623 0.0010554790496826172
0.3249787390232086 0.001050710678100586
0.3249787390232086 0.0010480880737304688
0.3249787390232086 0.0010657310485839844
0.3249787390232086 0.0010476112365722656
0.3249787390232086 0.0010592937469482422
0.32497864961624146 0.0010528564453125
0.32497864961624146 0.0010607242584228516
0.32497864961624146 0.0010485649108886719
0.32497864961624146 0.0010471343994140625
0.32497864961624146 0.0010497570037841797
0.32497864961624146 0.0010509490966796875
0.32497864961624146 0.0010573863983154297
0.32497864961624146 0.0010480880737304688
0.3249787390232086 0.0010745525360107422
0.3249787390232086 0.0010447502136230469
0.32497870922088623 0.0010483264923095703
0.32497870922088623 0.0010523796081542969
0.32497870922088623 0.0010478496551513672
0.32497870922088623 0.0010652542114257812
0.32497870922088623 0.0010483264923095703
0.32497870922088623 0.0010747909545898438
0.32497870922088623 0.0010499954223632812
0.32497870922088623 0.0010521411895751953
0.32497870922088623 0.0010504722595214844
0.32497870922088623 0.0010495185852050781
0.32497870922088623 0.001068115234375
0.32497870922088623 0.0010523796081542969
0.3249787390232086 0.0010762214660644531
0.3249787390232086 0.0010519027709960938
0.32497864961624146 0.0010483264923095703
0.32497864961624146 0.0010516643524169922
0.32497864961624146 0.001050710678100586
0.32497864961624146 0.001047372817993164
0.32497864961624146 0.0010535717010498047
0.3249787390232086 0.0010747909545898438
0.3249787390232086 0.0010523796081542969
0.3249787390232086 0.0010616779327392578
0.3249787390232086 0.0010478496551513672
0.3249787390232086 0.0010573863983154297
0.3249787390232086 0.001046895980834961
0.3249787390232086 0.0010564327239990234
0.3249787390232086 0.0010533332824707031
0.32497864961624146 0.0010502338409423828
0.32497864961624146 0.0010464191436767578
0.32497864961624146 0.001054525375366211
0.32497864961624146 0.0010571479797363281
0.3249787390232086 0.0010559558868408203
0.3249787390232086 0.0010576248168945312
0.3249787390232086 0.0010559558868408203
0.3249787390232086 0.0010597705841064453
0.3249787390232086 0.0010554790496826172
0.3249787390232086 0.0010738372802734375
0.3249787390232086 0.0010502338409423828
0.3249787390232086 0.001064300537109375
0.32497864961624146 0.0010519027709960938
0.32497864961624146 0.0010881423950195312
0.32497864961624146 0.001058340072631836
0.3249787390232086 0.0010597705841064453
0.3249787390232086 0.001087188720703125
0.3249787390232086 0.0010540485382080078
0.3249787390232086 0.001064300537109375
0.3249787390232086 0.0010519027709960938
0.3249787390232086 0.0010673999786376953
0.32497870922088623 0.0010561943054199219
0.3249787390232086 0.0010645389556884766
0.3249787390232086 0.001055002212524414
0.32497864961624146 0.0010633468627929688
0.32497864961624146 0.0010564327239990234
0.32497864961624146 0.0010554790496826172
0.3249787390232086 0.001062631607055664
0.3249787390232086 0.0010578632354736328
0.3249787390232086 0.0010609626770019531
0.32497870922088623 0.0010540485382080078
0.32497870922088623 0.001065969467163086
0.32497870922088623 0.0010571479797363281
0.32497870922088623 0.0010657310485839844
0.3249787390232086 0.0010530948638916016
0.3249787390232086 0.001055002212524414
0.32497864961624146 0.001051187515258789
0.32497864961624146 0.0010528564453125
0.32497864961624146 0.0010528564453125
0.32497864961624146 0.0010602474212646484
0.3249787390232086 0.0010750293731689453
0.3249787390232086 0.001054525375366211
0.3249787390232086 0.0010776519775390625
0.32497870922088623 0.0010666847229003906
0.32497870922088623 0.0010764598846435547
0.32497870922088623 0.0010540485382080078
0.32497870922088623 0.001070261001586914
0.32497870922088623 0.0010533332824707031
0.32497870922088623 0.0010709762573242188
0.32497870922088623 0.0010590553283691406
0.32497870922088623 0.0010628700256347656
0.3249787390232086 0.0010542869567871094
0.32497864961624146 0.001054525375366211
0.32497864961624146 0.0010502338409423828
0.32497864961624146 0.0010535717010498047
0.3249787390232086 0.0010533332824707031
0.3249787390232086 0.0010526180267333984
0.3249787390232086 0.0010523796081542969
0.3249787390232086 0.0010516643524169922
0.3249787390232086 0.0010504722595214844
0.32497864961624146 0.0010552406311035156
0.32497864961624146 0.0010530948638916016
0.32497864961624146 0.0010592937469482422
0.32497864961624146 0.0010638236999511719
0.32497870922088623 0.0010595321655273438
0.32497870922088623 0.0010712146759033203
0.32497870922088623 0.0010485649108886719
0.32497870922088623 0.0010678768157958984
0.32497870922088623 0.0010504722595214844
0.32497870922088623 0.0010619163513183594
0.32497870922088623 0.0010540485382080078
0.3249787390232086 0.0010666847229003906
0.3249787390232086 0.0010523796081542969
0.3249787390232086 0.0010533332824707031
0.32497864961624146 0.001051187515258789
0.32497864961624146 0.001050710678100586
0.32497864961624146 0.0010576248168945312
0.32497864961624146 0.0010557174682617188
0.3249787390232086 0.0010712146759033203
0.3249787390232086 0.0010607242584228516
0.3249787390232086 0.0010581016540527344
0.3249787390232086 0.0010585784912109375
0.3249787390232086 0.0010707378387451172
0.3249787390232086 0.0010590553283691406
0.3249787390232086 0.0010578632354736328
0.3249787390232086 0.0010509490966796875
0.32497864961624146 0.0010526180267333984
0.32497864961624146 0.0010514259338378906
0.32497864961624146 0.0010504722595214844
0.3249787390232086 0.0010859966278076172
0.3249787390232086 0.0010483264923095703
0.3249787390232086 0.0010690689086914062
0.32497870922088623 0.0010485649108886719
0.32497870922088623 0.0010581016540527344
0.32497870922088623 0.0010504722595214844
0.32497870922088623 0.001050710678100586
0.32497870922088623 0.001050710678100586
0.3249787390232086 0.0010554790496826172
0.3249787390232086 0.0010499954223632812
0.3249787390232086 0.0010499954223632812
0.3249787390232086 0.0010528564453125
0.32497864961624146 0.0010504722595214844
0.32497864961624146 0.0010616779327392578
0.32497864961624146 0.0010521411895751953
0.32497864961624146 0.0010623931884765625
0.32497864961624146 0.00104522705078125
0.32497864961624146 0.001070261001586914
0.3249787390232086 0.0010526180267333984
0.3249787390232086 0.0010516643524169922
0.3249787390232086 0.0010497570037841797
0.3249787390232086 0.001049041748046875
0.3249787390232086 0.0010540485382080078
0.3249787390232086 0.0010516643524169922
0.3249787390232086 0.0010628700256347656
0.3249787390232086 0.0010554790496826172
0.3249787390232086 0.0010504722595214844
0.3249787390232086 0.001066446304321289
0.3249787390232086 0.0010485649108886719
0.3249787390232086 0.0010724067687988281
0.3249787390232086 0.0010516643524169922
0.3249787390232086 0.0010492801666259766
0.3249787390232086 0.0010488033294677734
0.3249787390232086 0.0010454654693603516
0.32497864961624146 0.0010569095611572266
0.32497864961624146 0.0010464191436767578
0.3249787390232086 0.0010809898376464844
0.3249787390232086 0.001049041748046875
0.3249787390232086 0.0010633468627929688
0.3249787390232086 0.0010433197021484375
0.32497864961624146 0.0010459423065185547
0.32497864961624146 0.0010521411895751953
0.32497864961624146 0.0010459423065185547
0.3249787390232086 0.001047372817993164
0.3249787390232086 0.0010471343994140625
0.3249787390232086 0.001054525375366211
0.3249787390232086 0.0010485649108886719
0.3249787390232086 0.0010495185852050781
0.3249787390232086 0.0010650157928466797
0.32497864961624146 0.001054525375366211
0.32497864961624146 0.0010645389556884766
0.32497864961624146 0.0010521411895751953
0.3249787390232086 0.0010538101196289062
0.3249787390232086 0.001051187515258789
0.32497870922088623 0.0010476112365722656
0.32497870922088623 0.0010528564453125
0.32497870922088623 0.001049041748046875
0.32497870922088623 0.0010590553283691406
0.32497870922088623 0.0010504722595214844
0.32497870922088623 0.001071929931640625
0.32497870922088623 0.001050710678100586
0.32497870922088623 0.001056671142578125
0.3249787390232086 0.0010495185852050781
0.32497864961624146 0.0010676383972167969
0.32497864961624146 0.0010509490966796875
0.32497864961624146 0.001055002212524414
0.32497864961624146 0.0010540485382080078
0.32497864961624146 0.0010509490966796875
0.32497864961624146 0.0010612010955810547
0.3249787390232086 0.0010509490966796875
0.3249787390232086 0.0010724067687988281
0.3249787390232086 0.0010523796081542969
0.3249787390232086 0.0010607242584228516
0.32497870922088623 0.0010471343994140625
0.32497870922088623 0.0010540485382080078
0.32497870922088623 0.0010535717010498047
0.32497870922088623 0.0010480880737304688
0.32497870922088623 0.0010495185852050781
0.32497870922088623 0.0010516643524169922
0.3249787390232086 0.0010619163513183594
0.32497864961624146 0.0010488033294677734
0.32497864961624146 0.0010690689086914062
0.32497864961624146 0.0010497570037841797
0.32497864961624146 0.001055002212524414
0.32497864961624146 0.0010485649108886719
0.32497864961624146 0.0010533332824707031
0.3249787390232086 0.0010497570037841797
0.32497870922088623 0.0010538101196289062
0.3249787390232086 0.001062631607055664
0.32497870922088623 0.0010485649108886719
0.32497870922088623 0.001068115234375
0.32497870922088623 0.0010519027709960938
0.32497870922088623 0.0010616779327392578
0.32497870922088623 0.0010476112365722656
0.32497870922088623 0.0010478496551513672
0.3249787390232086 0.0010521411895751953
0.32497864961624146 0.0010478496551513672
0.32497864961624146 0.0010464191436767578
0.32497864961624146 0.0010542869567871094
0.32497864961624146 0.0010457038879394531
0.32497864961624146 0.0010485649108886719
0.32497864961624146 0.0010721683502197266
0.3249787390232086 0.001049041748046875
0.32497870922088623 0.0010645389556884766
0.3249787390232086 0.001055002212524414
0.32497870922088623 0.0010609626770019531
0.32497870922088623 0.0010540485382080078
0.32497870922088623 0.0010623931884765625
0.32497870922088623 0.0010528564453125
0.32497870922088623 0.0010762214660644531
0.32497870922088623 0.0010552406311035156
0.32497870922088623 0.0010499954223632812
0.3249787390232086 0.0010476112365722656
0.3249787390232086 0.0010509490966796875
0.3249787390232086 0.0010495185852050781
0.3249787390232086 0.0010480880737304688
0.3249787390232086 0.0010633468627929688
0.32497864961624146 0.0010483264923095703
0.32497864961624146 0.0010654926300048828
0.32497864961624146 0.0010478496551513672
0.32497864961624146 0.0010561943054199219
0.32497864961624146 0.0010464191436767578
0.3249787390232086 0.0010602474212646484
0.3249787390232086 0.0010483264923095703
0.3249787390232086 0.0010597705841064453
0.3249787390232086 0.0010530948638916016
0.3249787390232086 0.0010764598846435547
0.3249787390232086 0.001051187515258789
0.32497864961624146 0.0010614395141601562
0.32497864961624146 0.0010464191436767578
0.3249787390232086 0.0010581016540527344
0.3249787390232086 0.0010552406311035156
0.3249787390232086 0.0010499954223632812
0.3249787390232086 0.0010514259338378906
0.3249787390232086 0.0010585784912109375
0.3249787390232086 0.0010538101196289062
0.3249787390232086 0.0010495185852050781
0.3249787390232086 0.0010657310485839844
0.3249787390232086 0.0010464191436767578
0.32497864961624146 0.0010652542114257812
0.32497870922088623 0.0010504722595214844
0.32497870922088623 0.0010883808135986328
0.32497870922088623 0.0010471343994140625
0.32497870922088623 0.0010647773742675781
0.32497870922088623 0.0010526180267333984
0.3249787390232086 0.001050710678100586
0.32497870922088623 0.0010509490966796875
0.3249787390232086 0.0010533332824707031
0.3249787390232086 0.0010478496551513672
0.3249787390232086 0.0010521411895751953
0.32497870922088623 0.0010483264923095703
0.3249787390232086 0.0010471343994140625
0.32497864961624146 0.0010488033294677734
0.32497864961624146 0.001047372817993164
0.32497864961624146 0.0010509490966796875
0.32497864961624146 0.0010559558868408203
0.32497864961624146 0.0010635852813720703
0.32497864961624146 0.0010492801666259766
0.3249787390232086 0.0010590553283691406
0.32497870922088623 0.0010521411895751953
0.32497870922088623 0.0010666847229003906
0.32497870922088623 0.0010528564453125
0.32497870922088623 0.0010695457458496094
0.32497870922088623 0.0010521411895751953
0.32497870922088623 0.0010728836059570312
0.32497870922088623 0.0010502338409423828
0.32497870922088623 0.0010619163513183594
0.32497870922088623 0.0010476112365722656
0.32497870922088623 0.001058340072631836
0.3249787390232086 0.0010967254638671875
0.3249787390232086 0.0010561943054199219
0.3249787390232086 0.0010514259338378906
0.32497864961624146 0.0010509490966796875
0.32497864961624146 0.0010533332824707031
0.32497864961624146 0.00104522705078125
0.32497864961624146 0.0010476112365722656
0.32497864961624146 0.0010547637939453125
0.32497864961624146 0.0010488033294677734
0.3249787390232086 0.0010559558868408203
0.32497870922088623 0.0010790824890136719
0.32497870922088623 0.0010542869567871094
0.32497870922088623 0.0010685920715332031
0.3249787390232086 0.0010578632354736328
0.3249787390232086 0.0010704994201660156
0.3249787390232086 0.0010509490966796875
0.32497870922088623 0.001056671142578125
0.3249787390232086 0.0010471343994140625
0.3249787390232086 0.0010581016540527344
0.3249787390232086 0.0010478496551513672
0.3249787390232086 0.0010704994201660156
0.3249787390232086 0.001046895980834961
0.3249787390232086 0.0010547637939453125
0.32497864961624146 0.0010478496551513672
0.32497864961624146 0.0010447502136230469
0.32497870922088623 0.0010499954223632812
0.32497864961624146 0.0010457038879394531
0.32497864961624146 0.0010504722595214844
0.3249787390232086 0.001049041748046875
0.32497870922088623 0.001058816909790039
0.32497870922088623 0.001049041748046875
0.32497870922088623 0.001062631607055664
0.32497870922088623 0.0010571479797363281
0.32497870922088623 0.001079559326171875
0.32497870922088623 0.0010535717010498047
0.32497870922088623 0.0010576248168945312
0.32497870922088623 0.001049041748046875
0.3249787390232086 0.0010564327239990234
0.32497864961624146 0.0010478496551513672
0.32497864961624146 0.001054525375366211
0.32497864961624146 0.0010521411895751953
0.32497864961624146 0.0010516643524169922
0.32497864961624146 0.0010569095611572266
0.3249787390232086 0.0010478496551513672
0.32497870922088623 0.0010652542114257812
0.3249787390232086 0.0010497570037841797
0.32497870922088623 0.0010561943054199219
0.32497870922088623 0.0010526180267333984
0.32497870922088623 0.0010480880737304688
0.32497870922088623 0.0010485649108886719
0.32497870922088623 0.0010509490966796875
0.32497870922088623 0.001066446304321289
0.32497870922088623 0.0010509490966796875
0.32497870922088623 0.0010616779327392578
0.3249787390232086 0.0010535717010498047
0.32497864961624146 0.0010747909545898438
0.32497864961624146 0.0010485649108886719
0.32497864961624146 0.0010509490966796875
0.32497864961624146 0.0010497570037841797
0.32497864961624146 0.0010480880737304688
0.32497864961624146 0.0010492801666259766
0.32497864961624146 0.0010478496551513672
0.32497870922088623 0.0010461807250976562
0.32497870922088623 0.001047372817993164
0.32497870922088623 0.0010471343994140625
0.32497870922088623 0.001050710678100586
0.32497870922088623 0.0010597705841064453
0.32497870922088623 0.0010492801666259766
0.32497870922088623 0.001058816909790039
0.32497870922088623 0.0010552406311035156
0.32497870922088623 0.0010714530944824219
0.32497870922088623 0.0010535717010498047
0.32497870922088623 0.001051187515258789
0.32497870922088623 0.001046895980834961
0.32497870922088623 0.0010540485382080078
0.3249787390232086 0.0010478496551513672
0.3249787390232086 0.0010483264923095703
0.32497864961624146 0.0010521411895751953
0.32497864961624146 0.001051187515258789
0.32497864961624146 0.0010483264923095703
0.32497864961624146 0.0010497570037841797
0.3249787390232086 0.0010669231414794922
0.3249787390232086 0.001054525375366211
0.3249787390232086 0.0010688304901123047
0.3249787390232086 0.0010488033294677734
0.3249787390232086 0.0010554790496826172
0.3249787390232086 0.001050710678100586
0.3249787390232086 0.0010807514190673828
0.3249787390232086 0.0010464191436767578
0.3249787390232086 0.0010571479797363281
0.3249787390232086 0.0010483264923095703
0.3249787390232086 0.0010504722595214844
0.32497864961624146 0.0010483264923095703
0.32497870922088623 0.0010445117950439453
0.32497870922088623 0.0010495185852050781
0.32497870922088623 0.0010480880737304688
0.32497870922088623 0.0010552406311035156
0.32497864961624146 0.0010476112365722656
0.32497870922088623 0.0010488033294677734
0.32497870922088623 0.00104522705078125
0.32497870922088623 0.0010573863983154297
0.32497870922088623 0.001046895980834961
0.3249787390232086 0.001081228256225586
0.3249787390232086 0.0010535717010498047
0.3249787390232086 0.0010640621185302734
0.3249787390232086 0.001050710678100586
0.3249787390232086 0.0010526180267333984
0.32497864961624146 0.0010478496551513672
0.32497864961624146 0.0010547637939453125
0.32497864961624146 0.0010483264923095703
0.32497864961624146 0.0010480880737304688
0.32497864961624146 0.0010638236999511719
0.32497864961624146 0.0010488033294677734
0.3249787390232086 0.0010654926300048828
0.3249787390232086 0.0010535717010498047
0.3249787390232086 0.0010731220245361328
0.3249787390232086 0.0010471343994140625
0.3249787390232086 0.0010459423065185547
0.3249787390232086 0.0010442733764648438
0.3249787390232086 0.0010502338409423828
0.3249787390232086 0.0010509490966796875
0.3249787390232086 0.001049041748046875
0.3249787390232086 0.0010492801666259766
0.32497864961624146 0.0010499954223632812
0.32497864961624146 0.0010614395141601562
0.32497864961624146 0.0010499954223632812
0.3249787390232086 0.0010647773742675781
0.3249787390232086 0.0010540485382080078
0.32497870922088623 0.0010495185852050781
0.32497870922088623 0.001050710678100586
0.32497870922088623 0.0010492801666259766
0.32497870922088623 0.0010488033294677734
0.32497870922088623 0.0010533332824707031
0.32497870922088623 0.0010504722595214844
0.32497870922088623 0.0010559558868408203
0.32497870922088623 0.0010662078857421875
0.3249787390232086 0.001056671142578125
0.32497864961624146 0.0010676383972167969
0.32497870922088623 0.0010516643524169922
0.32497870922088623 0.0010514259338378906
0.32497870922088623 0.0010504722595214844
0.32497870922088623 0.0010495185852050781
0.32497864961624146 0.0010771751403808594
0.32497864961624146 0.0010523796081542969
0.32497864961624146 0.0010542869567871094
0.3249787390232086 0.001056671142578125
0.3249787390232086 0.0010714530944824219
0.32497870922088623 0.0010533332824707031
0.32497870922088623 0.0010714530944824219
0.32497870922088623 0.001051187515258789
0.32497870922088623 0.0010547637939453125
0.32497870922088623 0.0010540485382080078
0.32497870922088623 0.0010602474212646484
0.3249787390232086 0.0010576248168945312
0.3249787390232086 0.001049041748046875
0.32497864961624146 0.0010504722595214844
0.32497864961624146 0.0010519027709960938
0.32497864961624146 0.0010590553283691406
0.3249787390232086 0.0010519027709960938
0.3249787390232086 0.001070261001586914
0.3249787390232086 0.001049041748046875
0.3249787390232086 0.0010530948638916016
0.3249787390232086 0.001049041748046875
0.3249787390232086 0.001054525375366211
0.32497864961624146 0.001050710678100586
0.32497864961624146 0.0010573863983154297
0.32497864961624146 0.0010595321655273438
0.3249787390232086 0.0010526180267333984
0.32497870922088623 0.0010657310485839844
0.32497870922088623 0.0010533332824707031
0.32497870922088623 0.0010526180267333984
0.32497870922088623 0.0010554790496826172
0.32497870922088623 0.0010538101196289062
0.32497870922088623 0.0010554790496826172
0.32497870922088623 0.0010464191436767578
0.3249787390232086 0.0010535717010498047
0.3249787390232086 0.0010464191436767578
0.32497864961624146 0.0010578632354736328
0.32497864961624146 0.001046895980834961
0.32497864961624146 0.0010607242584228516
0.32497864961624146 0.0010502338409423828
0.3249787390232086 0.0010552406311035156
0.3249787390232086 0.0010471343994140625
0.3249787390232086 0.0010809898376464844
0.3249787390232086 0.0010571479797363281
0.32497870922088623 0.0010657310485839844
0.32497870922088623 0.0010478496551513672
0.3249787390232086 0.0010602474212646484
0.3249787390232086 0.0010526180267333984
0.3249787390232086 0.0010843276977539062
0.3249787390232086 0.0010464191436767578
0.3249787390232086 0.0010721683502197266
0.3249787390232086 0.001049041748046875
0.3249787390232086 0.0010602474212646484
0.3249787390232086 0.0010538101196289062
0.32497864961624146 0.0010523796081542969
0.32497870922088623 0.0010516643524169922
0.32497870922088623 0.0010495185852050781
0.32497870922088623 0.0010516643524169922
0.32497870922088623 0.0010502338409423828
0.32497864961624146 0.0010514259338378906
0.32497864961624146 0.0010492801666259766
0.32497864961624146 0.0010554790496826172
0.32497870922088623 0.001055002212524414
0.3249787390232086 0.00106048583984375
0.3249787390232086 0.0010559558868408203
0.3249787390232086 0.0010552406311035156
0.3249787390232086 0.0010633468627929688
0.32497870922088623 0.001058816909790039
0.32497870922088623 0.0010731220245361328
0.3249787390232086 0.0010576248168945312
0.3249787390232086 0.0010902881622314453
0.3249787390232086 0.0010497570037841797
0.3249787390232086 0.0010647773742675781
0.32497864961624146 0.0010523796081542969
0.32497864961624146 0.001064300537109375
0.32497864961624146 0.001047372817993164
0.3249787390232086 0.0010497570037841797
0.3249787390232086 0.0010521411895751953
0.32497864961624146 0.0010502338409423828
0.3249787390232086 0.0010499954223632812
0.3249787390232086 0.0010485649108886719
0.3249787390232086 0.0010590553283691406
0.32497864961624146 0.0010514259338378906
0.32497864961624146 0.0010650157928466797
0.3249787390232086 0.0010502338409423828
0.3249787390232086 0.0010721683502197266
0.3249787390232086 0.0010495185852050781
0.3249787390232086 0.0010461807250976562
0.3249787390232086 0.0010476112365722656
0.3249787390232086 0.0010447502136230469
0.32497864961624146 0.001049041748046875
0.32497864961624146 0.0010488033294677734
0.32497864961624146 0.0010843276977539062
0.32497864961624146 0.0010478496551513672
0.3249787390232086 0.0010581016540527344
0.3249787390232086 0.0010528564453125
0.3249787390232086 0.0010652542114257812
0.32497870922088623 0.0010495185852050781
0.32497870922088623 0.0010530948638916016
0.32497870922088623 0.0010561943054199219
0.32497870922088623 0.0010533332824707031
0.32497870922088623 0.0010516643524169922
0.32497870922088623 0.0010495185852050781
0.3249787390232086 0.0010688304901123047
0.3249787390232086 0.0010464191436767578
0.32497864961624146 0.0010538101196289062
0.32497864961624146 0.001046895980834961
0.32497864961624146 0.0010540485382080078
0.32497864961624146 0.0010492801666259766
0.3249787390232086 0.0010521411895751953
0.3249787390232086 0.0010488033294677734
0.3249787390232086 0.0010476112365722656
0.32497870922088623 0.0010614395141601562
0.32497870922088623 0.0010488033294677734
0.32497870922088623 0.0010592937469482422
0.32497870922088623 0.0010516643524169922
0.32497870922088623 0.0010783672332763672
0.3249787390232086 0.0010485649108886719
0.3249787390232086 0.001051187515258789
0.32497864961624146 0.001054525375366211
0.32497864961624146 0.001050710678100586
0.32497864961624146 0.0010492801666259766
0.32497864961624146 0.0010552406311035156
0.3249787390232086 0.0010542869567871094
0.3249787390232086 0.0010499954223632812
0.3249787390232086 0.0010673999786376953
0.32497864961624146 0.0010514259338378906
0.3249787390232086 0.0010716915130615234
0.3249787390232086 0.0010488033294677734
0.3249787390232086 0.0010554790496826172
0.3249787390232086 0.0010478496551513672
0.3249787390232086 0.0010485649108886719
0.3249787390232086 0.0010445117950439453
0.3249787390232086 0.001047372817993164
0.3249787390232086 0.0010464191436767578
0.3249787390232086 0.0010864734649658203
0.3249787390232086 0.0010585784912109375
0.32497864961624146 0.001046895980834961
0.32497864961624146 0.0010788440704345703
0.32497870922088623 0.0010557174682617188
0.32497864961624146 0.0010900497436523438
0.32497864961624146 0.0010554790496826172
0.3249787390232086 0.0010612010955810547
0.3249787390232086 0.0010495185852050781
0.3249787390232086 0.0010504722595214844
0.3249787390232086 0.0010483264923095703
0.32497870922088623 0.001050710678100586
0.3249787390232086 0.0010499954223632812
0.3249787390232086 0.0010497570037841797
0.3249787390232086 0.001049041748046875
0.3249787390232086 0.0010526180267333984
0.3249787390232086 0.0010647773742675781
0.32497864961624146 0.001051187515258789
0.32497864961624146 0.0010786056518554688
0.3249787390232086 0.0010530948638916016
0.3249787390232086 0.001051187515258789
0.3249787390232086 0.0010557174682617188
0.3249787390232086 0.0010602474212646484
0.3249787390232086 0.0010514259338378906
0.32497864961624146 0.0010581016540527344
0.32497864961624146 0.0010521411895751953
0.32497864961624146 0.0010533332824707031
0.3249787390232086 0.001054525375366211
0.32497870922088623 0.0010519027709960938
0.32497870922088623 0.0010554790496826172
0.32497870922088623 0.0010504722595214844
0.32497870922088623 0.001069784164428711
0.32497870922088623 0.001051187515258789
0.32497870922088623 0.0010733604431152344
0.32497870922088623 0.0010535717010498047
0.32497870922088623 0.00106048583984375
0.32497870922088623 0.0010542869567871094
0.32497870922088623 0.0010592937469482422
0.32497870922088623 0.0010471343994140625
0.32497870922088623 0.001058816909790039
0.3249787390232086 0.0010499954223632812
0.32497870922088623 0.0010540485382080078
0.32497870922088623 0.0010488033294677734
0.32497870922088623 0.0010504722595214844
0.32497864961624146 0.0010516643524169922
0.3249787390232086 0.001054525375366211
0.3249787390232086 0.0010504722595214844
0.3249787390232086 0.0010526180267333984
0.3249787390232086 0.0010538101196289062
0.3249787390232086 0.0010495185852050781
0.3249787390232086 0.0010573863983154297
0.32497864961624146 0.0010526180267333984
0.32497864961624146 0.001065969467163086
0.3249787390232086 0.0010519027709960938
0.3249787390232086 0.001065969467163086
0.3249787390232086 0.0010495185852050781
0.3249787390232086 0.0010714530944824219
0.32497864961624146 0.0010559558868408203
0.32497864961624146 0.0010690689086914062
0.32497864961624146 0.0010514259338378906
0.32497864961624146 0.0010547637939453125
0.3249787390232086 0.001055002212524414
0.32497870922088623 0.0010559558868408203
0.32497870922088623 0.0010488033294677734
0.32497870922088623 0.0010528564453125
0.32497870922088623 0.0010471343994140625
0.32497870922088623 0.0010526180267333984
0.32497870922088623 0.0010509490966796875
0.32497870922088623 0.0010485649108886719
0.32497870922088623 0.0010492801666259766
0.32497870922088623 0.0010476112365722656
0.3249787390232086 0.001066446304321289
0.32497864961624146 0.0010523796081542969
0.32497864961624146 0.001064300537109375
0.32497864961624146 0.0010509490966796875
0.3249787390232086 0.00107574462890625
0.3249787390232086 0.0010519027709960938
0.3249787390232086 0.001064300537109375
0.3249787390232086 0.0010509490966796875
0.3249787390232086 0.0010540485382080078
0.3249787390232086 0.0010504722595214844
0.3249787390232086 0.001056671142578125
0.3249787390232086 0.0010492801666259766
0.3249787390232086 0.0010488033294677734
0.3249787390232086 0.0010530948638916016
0.3249787390232086 0.001054525375366211
0.3249787390232086 0.0010628700256347656
0.32497864961624146 0.0010488033294677734
0.32497870922088623 0.0010826587677001953
0.32497870922088623 0.0010504722595214844
0.32497870922088623 0.0010576248168945312
0.32497870922088623 0.0010476112365722656
0.32497870922088623 0.0010504722595214844
0.32497870922088623 0.0010538101196289062
0.32497870922088623 0.0010509490966796875
0.3249787390232086 0.001049041748046875
0.3249787390232086 0.0010504722595214844
0.3249787390232086 0.001062631607055664
0.32497870922088623 0.0010595321655273438
0.3249787390232086 0.001071929931640625
0.32497864961624146 0.0010497570037841797
0.32497870922088623 0.0010662078857421875
0.32497870922088623 0.001049041748046875
0.32497864961624146 0.001049041748046875
0.3249787390232086 0.0010502338409423828
0.32497870922088623 0.0010528564453125
0.32497870922088623 0.0010471343994140625
0.32497870922088623 0.001056671142578125
0.32497870922088623 0.0010485649108886719
0.32497870922088623 0.0010476112365722656
0.3249787390232086 0.0010590553283691406
0.3249787390232086 0.0010499954223632812
0.32497864961624146 0.0010650157928466797
0.32497864961624146 0.0010485649108886719
0.3249787390232086 0.0010457038879394531
0.3249787390232086 0.0010504722595214844
0.32497864961624146 0.0010480880737304688
0.32497864961624146 0.0010592937469482422
0.3249787390232086 0.0010573863983154297
0.3249787390232086 0.0010666847229003906
0.3249787390232086 0.001049041748046875
0.3249787390232086 0.0010569095611572266
0.3249787390232086 0.0010480880737304688
0.3249787390232086 0.0010526180267333984
0.3249787390232086 0.0010480880737304688
0.3249787390232086 0.00104522705078125
0.3249787390232086 0.0010476112365722656
0.32497864961624146 0.0010480880737304688
0.32497864961624146 0.0010597705841064453
0.32497864961624146 0.0010602474212646484
0.32497864961624146 0.0010557174682617188
0.3249787390232086 0.0010483264923095703
0.32497870922088623 0.001049041748046875
0.32497870922088623 0.0010483264923095703
0.32497870922088623 0.0010454654693603516
0.32497870922088623 0.0010640621185302734
0.32497870922088623 0.0010538101196289062
0.32497870922088623 0.0010678768157958984
0.32497870922088623 0.0010554790496826172
0.32497870922088623 0.0010738372802734375
0.32497870922088623 0.0010495185852050781
0.3249787390232086 0.0010602474212646484
0.3249787390232086 0.0010521411895751953
0.32497864961624146 0.0010743141174316406
0.32497864961624146 0.0010488033294677734
0.32497864961624146 0.0010571479797363281
0.3249787390232086 0.0010476112365722656
0.3249787390232086 0.0010516643524169922
0.3249787390232086 0.0010585784912109375
0.3249787390232086 0.0010485649108886719
0.3249787390232086 0.0010597705841064453
0.32497864961624146 0.0010483264923095703
0.3249787390232086 0.0010709762573242188
0.32497864961624146 0.0010533332824707031
0.32497864961624146 0.0010476112365722656
0.32497864961624146 0.0010569095611572266
0.32497864961624146 0.0010502338409423828
0.3249787390232086 0.0010502338409423828
0.32497870922088623 0.0010488033294677734
0.32497870922088623 0.0010678768157958984
0.3249787390232086 0.0010516643524169922
0.3249787390232086 0.0010635852813720703
0.32497870922088623 0.0010540485382080078
0.32497870922088623 0.0010569095611572266
0.32497870922088623 0.0010538101196289062
0.3249787390232086 0.0010595321655273438
0.3249787390232086 0.0010528564453125
0.32497864961624146 0.0010502338409423828
0.32497864961624146 0.0010497570037841797
0.32497870922088623 0.0010516643524169922
0.32497870922088623 0.0010533332824707031
0.32497870922088623 0.001049041748046875
0.32497864961624146 0.0010497570037841797
0.32497864961624146 0.001051187515258789
0.3249787390232086 0.001069784164428711
0.3249787390232086 0.001047372817993164
0.3249787390232086 0.0010607242584228516
0.3249787390232086 0.0010485649108886719
0.32497870922088623 0.0010769367218017578
0.3249787390232086 0.001046895980834961
0.3249787390232086 0.0010528564453125
0.32497870922088623 0.0010459423065185547
0.32497870922088623 0.0010485649108886719
0.32497870922088623 0.0010514259338378906
0.32497870922088623 0.0010485649108886719
0.32497870922088623 0.001049041748046875
0.32497864961624146 0.0010471343994140625
0.3249787390232086 0.0010547637939453125
0.3249787390232086 0.0010485649108886719
0.3249787390232086 0.0010609626770019531
0.3249787390232086 0.0010514259338378906
0.32497870922088623 0.001050710678100586
0.32497870922088623 0.0010483264923095703
0.32497870922088623 0.0010538101196289062
0.32497870922088623 0.0010499954223632812
0.32497870922088623 0.0010492801666259766
0.32497870922088623 0.0010471343994140625
0.32497870922088623 0.0010499954223632812
0.32497870922088623 0.001049041748046875
0.32497870922088623 0.001054525375366211
0.32497870922088623 0.0010619163513183594
0.32497870922088623 0.0010538101196289062
0.32497870922088623 0.0010807514190673828
0.3249787390232086 0.0010502338409423828
0.32497870922088623 0.0010504722595214844
0.32497870922088623 0.0010523796081542969
0.32497870922088623 0.001055002212524414
0.32497870922088623 0.0010662078857421875
0.32497870922088623 0.0010497570037841797
0.32497870922088623 0.001085042953491211
0.32497864961624146 0.0010750293731689453
0.32497870922088623 0.001058340072631836
0.32497870922088623 0.0010497570037841797
0.32497870922088623 0.0010509490966796875
0.3249787390232086 0.0010499954223632812
0.3249787390232086 0.0010495185852050781
0.3249787390232086 0.0010480880737304688
0.32497870922088623 0.0010497570037841797
0.3249787390232086 0.001046895980834961
0.3249787390232086 0.0010478496551513672
0.3249787390232086 0.0010650157928466797
0.32497864961624146 0.0010466575622558594
0.32497870922088623 0.0010571479797363281
0.32497870922088623 0.0010540485382080078
0.32497870922088623 0.0010733604431152344
0.32497870922088623 0.0010454654693603516
0.32497870922088623 0.0010497570037841797
0.32497864961624146 0.001050710678100586
0.3249787390232086 0.001056671142578125
0.32497870922088623 0.0010492801666259766
0.32497870922088623 0.001047372817993164
0.32497870922088623 0.0010826587677001953
0.3249787390232086 0.0010499954223632812
0.32497870922088623 0.0010731220245361328
0.32497870922088623 0.0010504722595214844
0.3249787390232086 0.0010595321655273438
0.3249787390232086 0.001050710678100586
0.3249787390232086 0.0010492801666259766
0.32497864961624146 0.0010483264923095703
0.32497864961624146 0.0010478496551513672
0.3249787390232086 0.001049041748046875
0.32497864961624146 0.0010495185852050781
0.3249787390232086 0.0010652542114257812
0.3249787390232086 0.0010488033294677734
0.3249787390232086 0.001054525375366211
0.32497864961624146 0.0010552406311035156
0.32497864961624146 0.0010502338409423828
0.3249787390232086 0.0010483264923095703
0.32497870922088623 0.001054525375366211
0.32497870922088623 0.001050710678100586
0.32497870922088623 0.0010523796081542969
0.32497870922088623 0.0010616779327392578
0.32497870922088623 0.001054525375366211
0.32497870922088623 0.0010793209075927734
0.32497870922088623 0.0010488033294677734
0.3249787390232086 0.0010595321655273438
0.32497864961624146 0.0010797977447509766
0.32497864961624146 0.001051187515258789
0.3249787390232086 0.0010535717010498047
0.3249787390232086 0.001050710678100586
0.32497864961624146 0.0010647773742675781
0.32497864961624146 0.001050710678100586
0.32497864961624146 0.0010654926300048828
0.3249787390232086 0.0010471343994140625
0.3249787390232086 0.001104116439819336
0.3249787390232086 0.0010488033294677734
0.32497870922088623 0.0010523796081542969
0.3249787390232086 0.0010497570037841797
0.3249787390232086 0.0010552406311035156
0.3249787390232086 0.0010650157928466797
0.3249787390232086 0.0010485649108886719
0.3249787390232086 0.0010488033294677734
0.3249787390232086 0.001054525375366211
0.3249787390232086 0.0010485649108886719
0.32497864961624146 0.0010726451873779297
0.32497870922088623 0.0010478496551513672
0.32497870922088623 0.0010581016540527344
0.32497870922088623 0.0010476112365722656
0.3249787390232086 0.0010523796081542969
0.32497870922088623 0.001050710678100586
0.32497870922088623 0.001047372817993164
0.32497870922088623 0.0010476112365722656
0.32497870922088623 0.001051187515258789
0.32497870922088623 0.001051187515258789
0.32497870922088623 0.0010504722595214844
0.32497870922088623 0.0010573863983154297
0.3249787390232086 0.0010530948638916016
0.3249787390232086 0.001054525375366211
0.3249787390232086 0.0010516643524169922
0.32497864961624146 0.0010485649108886719
0.32497864961624146 0.0010528564453125
0.32497864961624146 0.0010480880737304688
0.32497864961624146 0.0010495185852050781
0.32497864961624146 0.0010476112365722656
0.3249787390232086 0.0010752677917480469
0.32497870922088623 0.0010480880737304688
0.32497870922088623 0.0010564327239990234
0.32497870922088623 0.0010476112365722656
0.32497870922088623 0.0010638236999511719
0.32497870922088623 0.001046895980834961
0.32497870922088623 0.0010476112365722656
0.32497870922088623 0.0010478496551513672
0.32497870922088623 0.0010476112365722656
0.32497870922088623 0.0010464191436767578
0.32497870922088623 0.001046895980834961
0.32497870922088623 0.0010535717010498047
0.3249787390232086 0.001050710678100586
0.3249787390232086 0.0010645389556884766
0.32497864961624146 0.0010466575622558594
0.32497864961624146 0.0010628700256347656
0.32497864961624146 0.0010540485382080078
0.32497864961624146 0.0010619163513183594
0.32497864961624146 0.0010457038879394531
0.3249787390232086 0.0010638236999511719
0.32497870922088623 0.001051187515258789
0.32497870922088623 0.0010509490966796875
0.32497870922088623 0.001047372817993164
0.32497870922088623 0.0010476112365722656
0.3249787390232086 0.0010528564453125
0.3249787390232086 0.0010542869567871094
0.3249787390232086 0.001055002212524414
0.32497864961624146 0.0010523796081542969
0.32497864961624146 0.0010597705841064453
0.3249787390232086 0.0010480880737304688
0.32497864961624146 0.0010461807250976562
0.3249787390232086 0.0010461807250976562
0.3249787390232086 0.0010559558868408203
0.3249787390232086 0.0010602474212646484
0.3249787390232086 0.0010516643524169922
0.3249787390232086 0.001065969467163086
0.3249787390232086 0.001050710678100586
0.3249787390232086 0.0010676383972167969
0.3249787390232086 0.0010488033294677734
0.32497864961624146 0.0010478496551513672
0.32497864961624146 0.0010471343994140625
0.32497864961624146 0.0010535717010498047
0.32497864961624146 0.0010628700256347656
0.32497864961624146 0.0010480880737304688
0.32497864961624146 0.0010571479797363281
0.3249787390232086 0.0010495185852050781
0.32497870922088623 0.0010480880737304688
0.32497870922088623 0.0010485649108886719
0.32497870922088623 0.0010516643524169922
0.3249787390232086 0.001051187515258789
0.32497870922088623 0.0010821819305419922
0.32497870922088623 0.0010726451873779297
0.3249787390232086 0.0010564327239990234
0.3249787390232086 0.0010685920715332031
0.32497870922088623 0.0010485649108886719
0.32497870922088623 0.0010569095611572266
0.32497870922088623 0.0010499954223632812
0.32497864961624146 0.0010547637939453125
0.3249787390232086 0.0010526180267333984
0.3249787390232086 0.0010464191436767578
0.3249787390232086 0.0010578632354736328
0.3249787390232086 0.0010495185852050781
0.32497870922088623 0.0010728836059570312
0.3249787390232086 0.0010454654693603516
0.3249787390232086 0.0010647773742675781
0.3249787390232086 0.0010514259338378906
0.32497870922088623 0.001056671142578125
0.32497870922088623 0.0010552406311035156
0.32497864961624146 0.0010488033294677734
0.3249787390232086 0.0010497570037841797
0.3249787390232086 0.014826297760009766
0.3249787390232086 0.0010557174682617188
0.3249787390232086 0.0010538101196289062
0.3249787390232086 0.0010521411895751953
0.3249787390232086 0.001051187515258789
0.32497864961624146 0.0010499954223632812
0.3249787390232086 0.001051187515258789
0.32497864961624146 0.0010488033294677734
0.3249787390232086 0.0010657310485839844
0.3249787390232086 0.0010504722595214844
0.32497864961624146 0.0010645389556884766
0.32497864961624146 0.0010466575622558594
0.3249787390232086 0.001073598861694336
0.3249787390232086 0.001047372817993164
0.32497870922088623 0.0010619163513183594
0.32497870922088623 0.0010454654693603516
0.32497870922088623 0.0010607242584228516
0.3249787390232086 0.0010497570037841797
0.3249787390232086 0.0010521411895751953
0.3249787390232086 0.0010578632354736328
0.3249787390232086 0.0010573863983154297
0.3249787390232086 0.0010499954223632812
0.32497864961624146 0.0010476112365722656
0.32497864961624146 0.001064300537109375
0.32497864961624146 0.0010521411895751953
0.3249787390232086 0.0010597705841064453
0.3249787390232086 0.0010533332824707031
0.3249787390232086 0.0010497570037841797
0.3249787390232086 0.0010492801666259766
0.3249787390232086 0.0010521411895751953
0.3249787390232086 0.0010502338409423828
0.3249787390232086 0.0010495185852050781
0.3249787390232086 0.0010716915130615234
0.32497864961624146 0.0010499954223632812
0.32497864961624146 0.0010631084442138672
0.3249787390232086 0.0010516643524169922
0.3249787390232086 0.0010743141174316406
0.3249787390232086 0.0010547637939453125
0.3249787390232086 0.0010647773742675781
0.3249787390232086 0.0010502338409423828
0.32497864961624146 0.0010499954223632812
0.32497864961624146 0.0010526180267333984
0.32497864961624146 0.0010535717010498047
0.32497864961624146 0.0010488033294677734
0.32497870922088623 0.0010461807250976562
0.32497870922088623 0.0010535717010498047
