0.0011205984046682715 0.0015609264373779297
0.012184063903987408 0.0011258125305175781
0.8605507612228394 0.0012576580047607422
1.9773374795913696 0.0016815662384033203
2.281210422515869 0.001470804214477539
2.5582082271575928 0.0010957717895507812
2.821146011352539 0.0011048316955566406
2.8011646270751953 0.0011038780212402344
2.6750576496124268 0.0011012554168701172
2.633877754211426 0.0011179447174072266
2.473767042160034 0.0011053085327148438
2.3892011642456055 0.001104593276977539
1.5245190858840942 0.0011029243469238281
0.3638060390949249 0.0010995864868164062
0.3475687801837921 0.0010979175567626953
0.5133922100067139 0.0010943412780761719
0.9171289205551147 0.0010921955108642578
1.7530359029769897 0.0010902881622314453
2.286224842071533 0.0010933876037597656
2.567960500717163 0.0010941028594970703
2.8066112995147705 0.0010998249053955078
2.9239792823791504 0.0010957717895507812
3.1495866775512695 0.0011119842529296875
3.4518980979919434 0.0010938644409179688
3.5908331871032715 0.0010941028594970703
3.526721477508545 0.0010917186737060547
3.113302707672119 0.0010933876037597656
2.5233919620513916 0.0010981559753417969
2.433030366897583 0.0010929107666015625
2.196802854537964 0.0011179447174072266
1.8592755794525146 0.0010921955108642578
1.7088314294815063 0.0011034011840820312
1.6260592937469482 0.0010945796966552734
1.6770514249801636 0.0010933876037597656
1.7121433019638062 0.0010921955108642578
1.788543939590454 0.001093149185180664
2.1960415840148926 0.001115560531616211
2.8129498958587646 0.0010907649993896484
3.680051803588867 0.0011072158813476562
4.4186201095581055 0.0011005401611328125
4.550074100494385 0.0011069774627685547
3.6850979328155518 0.00109100341796875
3.3794150352478027 0.0011036396026611328
3.1998655796051025 0.0011157989501953125
3.0875301361083984 0.0010917186737060547
2.9349071979522705 0.0011031627655029297
2.910917282104492 0.001093149185180664
2.842121124267578 0.0011053085327148438
2.789604902267456 0.00109100341796875
2.7380714416503906 0.0011053085327148438
2.7363698482513428 0.0010967254638671875
2.714630603790283 0.0010960102081298828
2.6988940238952637 0.0011022090911865234
2.6909337043762207 0.0010907649993896484
2.690351724624634 0.0010924339294433594
2.6901423931121826 0.0010921955108642578
2.690084218978882 0.0010900497436523438
2.6935317516326904 0.0011057853698730469
2.6949286460876465 0.0010991096496582031
2.6966569423675537 0.0010976791381835938
2.702316999435425 0.0010933876037597656
2.711714029312134 0.0010929107666015625
2.7274844646453857 0.0011107921600341797
2.748086929321289 0.0010898113250732422
2.755688190460205 0.0011048316955566406
2.784123182296753 0.0010917186737060547
2.784893751144409 0.0010933876037597656
2.7983005046844482 0.0011098384857177734
2.805840492248535 0.001089334487915039
2.819448709487915 0.001116037368774414
2.837999105453491 0.0010895729064941406
2.859891414642334 0.0011029243469238281
2.8789708614349365 0.0010936260223388672
2.88919734954834 0.0010976791381835938
2.899836301803589 0.0010898113250732422
2.911561965942383 0.001093149185180664
2.9499874114990234 0.0010950565338134766
2.972951650619507 0.001093149185180664
3.0065555572509766 0.00109100341796875
3.0362632274627686 0.00109100341796875
3.0630781650543213 0.001104116439819336
3.111121416091919 0.001094818115234375
3.1592791080474854 0.0011019706726074219
3.2203140258789062 0.0010950565338134766
3.256676435470581 0.0010967254638671875
3.3349504470825195 0.0010924339294433594
3.407716751098633 0.0011315345764160156
3.505420446395874 0.0011050701141357422
3.54219388961792 0.0010986328125
3.592954635620117 0.0010936260223388672
3.6634726524353027 0.0010955333709716797
3.7241709232330322 0.0010967254638671875
3.785573959350586 0.0010938644409179688
3.844149589538574 0.0011818408966064453
3.971633195877075 0.001093149185180664
4.000832557678223 0.001100778579711914
4.113605976104736 0.0010914802551269531
4.242156982421875 0.0010962486267089844
4.342156410217285 0.0010943412780761719
4.430915832519531 0.0010960102081298828
4.4782257080078125 0.0010890960693359375
4.526318073272705 0.0010900497436523438
4.578287601470947 0.0011012554168701172
4.754850387573242 0.0010950565338134766
4.866804599761963 0.0011010169982910156
5.03900671005249 0.00109100341796875
5.200410842895508 0.0011014938354492188
5.350683689117432 0.0010895729064941406
5.6212286949157715 0.001092672348022461
5.694828510284424 0.0010967254638671875
5.758756637573242 0.0011029243469238281
5.813316345214844 0.0010952949523925781
5.882261753082275 0.001096487045288086
5.8513288497924805 0.0011162757873535156
5.759836673736572 0.0010943412780761719
5.669594764709473 0.0011169910430908203
5.596066474914551 0.0010898113250732422
5.486900806427002 0.0011191368103027344
5.398227214813232 0.0010979175567626953
5.358108043670654 0.001100778579711914
5.314551830291748 0.0010974407196044922
5.274675369262695 0.001104593276977539
5.269801616668701 0.0010941028594970703
5.268105506896973 0.0011005401611328125
5.264409065246582 0.0011072158813476562
5.265970230102539 0.0010988712310791016
5.270509243011475 0.0011005401611328125
5.28386926651001 0.001100301742553711
5.309688091278076 0.001111745834350586
5.326653003692627 0.0010986328125
5.336972713470459 0.0011136531829833984
5.348089218139648 0.0010952949523925781
5.369651794433594 0.0010974407196044922
5.385209083557129 0.0010974407196044922
5.393217086791992 0.0010995864868164062
5.426604270935059 0.0011069774627685547
5.457891941070557 0.0010914802551269531
5.507631778717041 0.0011153221130371094
5.526437282562256 0.0010974407196044922
5.528692722320557 0.0010981559753417969
5.605029106140137 0.001093149185180664
5.616106033325195 0.001096963882446289
5.654534339904785 0.0010936260223388672
5.697058200836182 0.0010979175567626953
5.702730655670166 0.00112152099609375
5.722090721130371 0.0010941028594970703
5.764273166656494 0.0011036396026611328
5.769639492034912 0.001096963882446289
5.780107498168945 0.0011081695556640625
5.793011665344238 0.0010924339294433594
5.828915596008301 0.0010962486267089844
5.857888221740723 0.0010993480682373047
5.8766326904296875 0.0010960102081298828
5.889833927154541 0.0010955333709716797
5.904790878295898 0.0010933876037597656
5.907147407531738 0.0011050701141357422
5.912626266479492 0.0010900497436523438
5.9153265953063965 0.001108407974243164
5.916984558105469 0.00109100341796875
5.920829772949219 0.0011165142059326172
5.922723293304443 0.0010945796966552734
5.9244184494018555 0.0011053085327148438
5.925511837005615 0.0010938644409179688
5.9284186363220215 0.0010981559753417969
5.929478645324707 0.0011017322540283203
5.93174409866333 0.001094818115234375
5.933030605316162 0.0011169910430908203
5.933393478393555 0.001094818115234375
5.9338765144348145 0.0011138916015625
5.935520648956299 0.0010950565338134766
5.936312675476074 0.0011010169982910156
5.937423229217529 0.001093149185180664
5.938525199890137 0.0010950565338134766
5.939241886138916 0.0010924339294433594
5.939826011657715 0.0010998249053955078
5.940674781799316 0.0010945796966552734
5.941120147705078 0.0010919570922851562
5.94134521484375 0.0010962486267089844
5.941633224487305 0.001096487045288086
5.941832542419434 0.0011074542999267578
5.942024230957031 0.0010981559753417969
5.942219257354736 0.001107931137084961
5.9424309730529785 0.0010952949523925781
5.942551612854004 0.0010914802551269531
5.942800045013428 0.0010917186737060547
5.943296432495117 0.0010957717895507812
5.9436421394348145 0.0010993480682373047
5.943713665008545 0.0010933876037597656
5.944096088409424 0.0011136531829833984
5.944553375244141 0.0010943412780761719
5.944643497467041 0.0011086463928222656
5.944880485534668 0.0010960102081298828
5.945483207702637 0.0011129379272460938
5.946661472320557 0.0010924339294433594
5.946745872497559 0.0011031627655029297
5.947690963745117 0.0010919570922851562
5.948568820953369 0.0010955333709716797
5.948666572570801 0.0010929107666015625
5.9487457275390625 0.0010902881622314453
5.949778079986572 0.0011181831359863281
5.950194835662842 0.0010950565338134766
5.950465202331543 0.0011055469512939453
5.951498508453369 0.0010900497436523438
5.952685356140137 0.0011167526245117188
5.953329563140869 0.0010917186737060547
5.954080581665039 0.0010941028594970703
5.954707145690918 0.0010914802551269531
5.955160617828369 0.0010938644409179688
5.955499649047852 0.0010960102081298828
5.956143379211426 0.0010905265808105469
5.956180095672607 0.0011179447174072266
5.956447601318359 0.0010905265808105469
5.956891059875488 0.0011184215545654297
5.956959247589111 0.0010957717895507812
5.957941055297852 0.0010941028594970703
5.958079814910889 0.0010883808135986328
5.958790302276611 0.0010921955108642578
5.959012985229492 0.0011010169982910156
5.9600324630737305 0.0010914802551269531
5.960873603820801 0.0011043548583984375
5.961773872375488 0.0010979175567626953
5.9620537757873535 0.0011136531829833984
5.963283538818359 0.001093149185180664
5.963466644287109 0.001100301742553711
5.964078903198242 0.0010879039764404297
5.9652862548828125 0.0010914802551269531
5.965826034545898 0.0010895729064941406
5.965878486633301 0.0010976791381835938
5.966507911682129 0.0011112689971923828
5.9667792320251465 0.0010986328125
5.967129707336426 0.0011124610900878906
5.968291759490967 0.0010933876037597656
5.968741416931152 0.0010986328125
5.969034194946289 0.0010983943939208984
5.970015525817871 0.001096963882446289
5.970658779144287 0.0010898113250732422
5.971628665924072 0.0010962486267089844
5.972261428833008 0.0010907649993896484
5.973001480102539 0.001094818115234375
5.973952293395996 0.0011105537414550781
5.9747700691223145 0.0010960102081298828
5.975523471832275 0.0011031627655029297
5.9761061668396 0.0010936260223388672
5.976196765899658 0.0010945796966552734
5.976978302001953 0.0010921955108642578
5.9771952629089355 0.0010983943939208984
5.978405952453613 0.0011036396026611328
5.979614734649658 0.0010919570922851562
5.980198383331299 0.001119375228881836
5.98144006729126 0.0010936260223388672
5.982029438018799 0.001107931137084961
5.982995986938477 0.0010905265808105469
5.983654975891113 0.0010938644409179688
5.984403133392334 0.0010938644409179688
5.984902381896973 0.0010914802551269531
5.985744953155518 0.0011131763458251953
5.986846446990967 0.0010943412780761719
5.987649917602539 0.0011110305786132812
5.988157272338867 0.0010933876037597656
5.989006519317627 0.00109100341796875
5.989355564117432 0.0010907649993896484
5.989780426025391 0.0011315345764160156
5.989946365356445 0.0010943412780761719
5.9910502433776855 0.0010945796966552734
5.991769790649414 0.00110626220703125
5.991876125335693 0.0010957717895507812
5.992592811584473 0.0011074542999267578
5.993211269378662 0.001094818115234375
5.994049549102783 0.001100778579711914
5.994848728179932 0.0010957717895507812
5.9949259757995605 0.001096487045288086
5.995572090148926 0.0011069774627685547
5.996096134185791 0.0010945796966552734
5.996541500091553 0.0011224746704101562
5.996852874755859 0.0010955333709716797
5.998229026794434 0.0011115074157714844
5.998621463775635 0.001081705093383789
5.998780250549316 0.0010950565338134766
5.999172210693359 0.0010852813720703125
5.999668598175049 0.0010819435119628906
6.000607490539551 0.0010814666748046875
6.000971794128418 0.0010876655578613281
6.001522064208984 0.0011181831359863281
6.002341270446777 0.0010814666748046875
6.002631664276123 0.001100778579711914
6.003647804260254 0.0010843276977539062
6.003776550292969 0.0010979175567626953
6.004804611206055 0.0010883808135986328
6.0060553550720215 0.0010998249053955078
6.006309986114502 0.0010836124420166016
6.006699562072754 0.0010905265808105469
6.007386684417725 0.0010886192321777344
6.007504940032959 0.0010831356048583984
6.0077900886535645 0.001102447509765625
6.0086846351623535 0.0010819435119628906
6.008843421936035 0.0010919570922851562
6.009454250335693 0.0010826587677001953
6.009542465209961 0.0011072158813476562
6.009608268737793 0.0010805130004882812
6.010242938995361 0.0010864734649658203
6.010644912719727 0.0010805130004882812
6.01192569732666 0.0010924339294433594
6.01198148727417 0.0010836124420166016
6.013258934020996 0.0010941028594970703
6.014504909515381 0.0010833740234375
6.014578819274902 0.0010805130004882812
6.0154619216918945 0.0010881423950195312
6.016098976135254 0.001085519790649414
6.0168938636779785 0.0010972023010253906
6.0175981521606445 0.0010848045349121094
6.018947601318359 0.0011088848114013672
6.019259452819824 0.001081705093383789
6.019275665283203 0.0010986328125
6.02027702331543 0.001077413558959961
6.021710395812988 0.001094818115234375
6.02202844619751 0.0010857582092285156
6.022447109222412 0.0010807514190673828
6.023922443389893 0.0010793209075927734
6.024739742279053 0.001081228256225586
6.025164604187012 0.001085519790649414
6.0261454582214355 0.001079559326171875
6.026760578155518 0.001100301742553711
6.027022361755371 0.0010797977447509766
6.028432369232178 0.0010814666748046875
6.029958248138428 0.0010800361633300781
6.03084135055542 0.001079559326171875
6.031324863433838 0.001094818115234375
6.031806945800781 0.0010914802551269531
6.032784461975098 0.0011069774627685547
6.03350830078125 0.0010809898376464844
6.035057067871094 0.0011065006256103516
6.035640239715576 0.001081228256225586
6.037121295928955 0.0010819435119628906
6.037276268005371 0.001085042953491211
6.038640022277832 0.001087188720703125
6.039344310760498 0.0010905265808105469
6.039670467376709 0.0010824203491210938
6.040010929107666 0.0010819435119628906
6.040477752685547 0.0010981559753417969
6.041265964508057 0.0010809898376464844
6.041854381561279 0.0010921955108642578
6.042496681213379 0.0010833740234375
6.044155597686768 0.0010900497436523438
6.0449957847595215 0.0010848045349121094
6.045628547668457 0.001081705093383789
6.045849800109863 0.0010862350463867188
6.046201229095459 0.001085519790649414
6.047567367553711 0.0010957717895507812
6.047959327697754 0.001085042953491211
6.049280166625977 0.0010900497436523438
6.050254821777344 0.0010800361633300781
6.05148458480835 0.0010836124420166016
6.052372455596924 0.001079559326171875
6.053135871887207 0.0010800361633300781
6.054078102111816 0.0010809898376464844
6.0550127029418945 0.0010828971862792969
6.056314468383789 0.001096487045288086
6.0570831298828125 0.001079559326171875
6.0576677322387695 0.001104116439819336
6.058881759643555 0.0010793209075927734
6.059555530548096 0.001081705093383789
6.060941219329834 0.0010802745819091797
6.061792373657227 0.0010831356048583984
6.062779426574707 0.0010807514190673828
6.063663005828857 0.0010831356048583984
6.064470291137695 0.0011053085327148438
6.065279483795166 0.0010797977447509766
6.066182613372803 0.001111745834350586
6.067057132720947 0.0010864734649658203
6.068251609802246 0.0010881423950195312
6.069309711456299 0.0010879039764404297
6.069562911987305 0.0010805130004882812
6.070375919342041 0.001081228256225586
6.071621894836426 0.0010845661163330078
6.072746276855469 0.001081705093383789
6.073546409606934 0.001081228256225586
6.073615550994873 0.0010814666748046875
6.075087547302246 0.0010814666748046875
6.075687885284424 0.0010826587677001953
6.0767059326171875 0.0010786056518554688
6.076779365539551 0.0010912418365478516
6.076937198638916 0.001081705093383789
6.078062534332275 0.0010900497436523438
6.079682350158691 0.0010824203491210938
6.079884052276611 0.0010876655578613281
6.080648899078369 0.001081705093383789
6.081761837005615 0.0010807514190673828
6.082801342010498 0.001079559326171875
6.084056854248047 0.0010824203491210938
6.084436416625977 0.0010809898376464844
6.084616661071777 0.001085042953491211
6.086452960968018 0.0010793209075927734
6.087557315826416 0.0010807514190673828
6.088748455047607 0.001112222671508789
6.090541839599609 0.0010814666748046875
6.091317653656006 0.0010936260223388672
6.091976642608643 0.0010845661163330078
6.093308925628662 0.001092672348022461
6.093497276306152 0.0010762214660644531
6.09504508972168 0.0010800361633300781
6.0969157218933105 0.0010790824890136719
6.0971360206604 0.001079559326171875
6.098095417022705 0.0010790824890136719
6.099309921264648 0.0010852813720703125
6.10122013092041 0.0010802745819091797
6.101314067840576 0.001085042953491211
6.102420330047607 0.0010995864868164062
6.1026482582092285 0.001077413558959961
6.103096961975098 0.0010874271392822266
6.104240894317627 0.0010826587677001953
6.1062092781066895 0.0011069774627685547
6.10671854019165 0.0010907649993896484
6.108461856842041 0.0010819435119628906
6.108736515045166 0.0010836124420166016
6.110219478607178 0.0010800361633300781
6.111336708068848 0.0010826587677001953
6.113016128540039 0.001081228256225586
6.113943576812744 0.0010867118835449219
6.115572929382324 0.0010802745819091797
6.116335391998291 0.0010876655578613281
6.117716312408447 0.0010797977447509766
6.11822509765625 0.001092672348022461
6.118978977203369 0.0010828971862792969
6.120222091674805 0.001108407974243164
6.120552062988281 0.001085042953491211
6.12207555770874 0.0010786056518554688
6.122237205505371 0.0010809898376464844
6.12360954284668 0.0010797977447509766
6.125159740447998 0.0010821819305419922
6.126955509185791 0.0010802745819091797
6.127326488494873 0.0010919570922851562
6.129009246826172 0.0010759830474853516
6.130097389221191 0.0010955333709716797
6.130848407745361 0.001077890396118164
6.132350921630859 0.001104116439819336
6.133744716644287 0.0010783672332763672
6.135518550872803 0.0010797977447509766
6.136319637298584 0.0010814666748046875
6.136735439300537 0.0010828971862792969
6.137914657592773 0.0010902881622314453
6.13978910446167 0.0010819435119628906
6.14037561416626 0.001088857650756836
6.141998291015625 0.0010805130004882812
6.142564296722412 0.0011081695556640625
6.143855094909668 0.0010821819305419922
6.144989013671875 0.001087188720703125
6.146604537963867 0.0010788440704345703
6.148534297943115 0.001077413558959961
6.1493000984191895 0.0011088848114013672
6.149944305419922 0.0010890960693359375
6.150783538818359 0.0010883808135986328
6.152309894561768 0.0010797977447509766
6.153207302093506 0.0010883808135986328
6.155112266540527 0.0010790824890136719
6.155416011810303 0.0010802745819091797
6.155458450317383 0.0010797977447509766
6.157229423522949 0.001081228256225586
6.158947944641113 0.0010786056518554688
6.159541130065918 0.0010793209075927734
6.159945487976074 0.0010972023010253906
6.1608381271362305 0.0010797977447509766
6.16270112991333 0.001096963882446289
6.16286039352417 0.001085042953491211
6.1641621589660645 0.001104116439819336
6.164306163787842 0.0010805130004882812
6.165171146392822 0.0010859966278076172
6.1663994789123535 0.0010807514190673828
6.168070316314697 0.0011036396026611328
6.168557643890381 0.001079559326171875
6.169183731079102 0.001077413558959961
6.170004844665527 0.0010786056518554688
6.17131233215332 0.0010783672332763672
6.171894550323486 0.0010800361633300781
6.173464775085449 0.001077413558959961
6.174543857574463 0.0010883808135986328
6.174990177154541 0.0010750293731689453
6.1771240234375 0.0010857582092285156
6.177671432495117 0.0010836124420166016
6.177770614624023 0.0010967254638671875
6.179043769836426 0.001079559326171875
6.181278705596924 0.0010840892791748047
6.181286811828613 0.0010762214660644531
6.181412696838379 0.0010807514190673828
6.182375431060791 0.001079559326171875
6.1829142570495605 0.0010790824890136719
6.184453964233398 0.0010886192321777344
6.185544013977051 0.0010838508605957031
6.187554359436035 0.001104116439819336
6.189141750335693 0.0010788440704345703
6.189683437347412 0.0010921955108642578
6.191708087921143 0.0010786056518554688
6.192028045654297 0.0010986328125
6.193946361541748 0.0010819435119628906
6.196053504943848 0.001081705093383789
6.197122573852539 0.0010831356048583984
6.198051452636719 0.0010809898376464844
6.199648857116699 0.001100301742553711
6.1996941566467285 0.0010786056518554688
6.201235294342041 0.0010941028594970703
6.201922416687012 0.0010852813720703125
6.203658580780029 0.0011022090911865234
6.205106258392334 0.0010786056518554688
6.205653667449951 0.0010952949523925781
6.207206726074219 0.0010797977447509766
6.207552909851074 0.0010836124420166016
6.207805633544922 0.0010807514190673828
6.209214210510254 0.0010809898376464844
6.210137844085693 0.0010824203491210938
6.210699558258057 0.0010843276977539062
6.211466312408447 0.0010766983032226562
6.212123870849609 0.0010848045349121094
6.214001178741455 0.0010790824890136719
6.214300632476807 0.0010809898376464844
6.215031147003174 0.001088857650756836
6.215326309204102 0.0010793209075927734
6.216418266296387 0.0010938644409179688
6.216974258422852 0.0010862350463867188
6.218005657196045 0.0011019706726074219
6.219905853271484 0.0010788440704345703
6.221001625061035 0.0010783672332763672
6.223267555236816 0.001077890396118164
6.225075721740723 0.0010828971862792969
6.22688102722168 0.001081228256225586
6.227697372436523 0.0010824203491210938
6.229357719421387 0.0010828971862792969
6.231558799743652 0.0010807514190673828
6.233173847198486 0.0010979175567626953
6.235058307647705 0.0010766983032226562
6.236983776092529 0.0010874271392822266
6.238682270050049 0.001077413558959961
6.240527629852295 0.0011014938354492188
6.242762565612793 0.0010809898376464844
6.24507474899292 0.0011076927185058594
6.247200965881348 0.0010819435119628906
6.249115943908691 0.0010862350463867188
6.249907970428467 0.0010824203491210938
6.251633167266846 0.0010797977447509766
6.253777027130127 0.0010781288146972656
6.256195545196533 0.0010814666748046875
6.257969856262207 0.0011103153228759766
6.2601165771484375 0.0010802745819091797
6.2622504234313965 0.0010895729064941406
6.264196395874023 0.001077413558959961
6.266134738922119 0.0010943412780761719
6.26840877532959 0.001081228256225586
6.270195960998535 0.0010912418365478516
6.2724833488464355 0.0010776519775390625
6.274285793304443 0.0010781288146972656
6.275679588317871 0.0010800361633300781
6.276856899261475 0.0010862350463867188
6.277772426605225 0.001077890396118164
6.279179573059082 0.0010807514190673828
6.280766010284424 0.0010838508605957031
6.282046318054199 0.0010776519775390625
6.282895565032959 0.0011091232299804688
6.283516883850098 0.0010833740234375
6.28434944152832 0.001088857650756836
6.285852909088135 0.0010786056518554688
6.2871809005737305 0.0010933876037597656
6.289174556732178 0.0010788440704345703
6.2903547286987305 0.0010762214660644531
6.2915239334106445 0.0010783672332763672
6.292300701141357 0.0010807514190673828
6.294360637664795 0.0010771751403808594
6.2950897216796875 0.0010797977447509766
6.296727657318115 0.0010783672332763672
6.298277378082275 0.0010781288146972656
6.298611640930176 0.0010793209075927734
6.2999162673950195 0.0010786056518554688
6.302289009094238 0.0010857582092285156
6.302836894989014 0.0010824203491210938
6.304228782653809 0.0011019706726074219
6.304953098297119 0.0010824203491210938
6.305220127105713 0.0010929107666015625
6.306199550628662 0.0010821819305419922
6.306924819946289 0.0010874271392822266
6.308497428894043 0.0010762214660644531
6.3101654052734375 0.00109100341796875
6.310801982879639 0.0010814666748046875
6.3118391036987305 0.001077890396118164
6.312855243682861 0.0010848045349121094
6.314177513122559 0.001081228256225586
6.3159661293029785 0.001079559326171875
6.3182783126831055 0.0010809898376464844
6.319138526916504 0.0010962486267089844
6.320572376251221 0.0010786056518554688
6.321518898010254 0.0010962486267089844
6.322264671325684 0.001077413558959961
6.323693752288818 0.0010807514190673828
6.3252997398376465 0.0010802745819091797
6.327166557312012 0.001081705093383789
6.328700065612793 0.0010809898376464844
6.331140995025635 0.0010800361633300781
6.333084583282471 0.001104116439819336
6.335115432739258 0.0010836124420166016
6.337153911590576 0.0010881423950195312
6.338685512542725 0.0010769367218017578
6.339354038238525 0.0010938644409179688
6.342090606689453 0.0010790824890136719
6.342292308807373 0.0010793209075927734
6.343521595001221 0.0010902881622314453
6.34401798248291 0.0010788440704345703
6.346038341522217 0.0010848045349121094
6.347191333770752 0.0010788440704345703
6.348315715789795 0.0010786056518554688
6.349068641662598 0.00107574462890625
6.351138114929199 0.001077890396118164
6.352406978607178 0.0010786056518554688
6.354127883911133 0.001081228256225586
6.355396270751953 0.0010945796966552734
6.356152534484863 0.0010786056518554688
6.358632564544678 0.0010950565338134766
6.359581470489502 0.0010807514190673828
6.361392021179199 0.0010814666748046875
6.362451076507568 0.001077413558959961
6.364346027374268 0.0010783672332763672
6.365262508392334 0.0010786056518554688
6.366805076599121 0.0010826587677001953
6.3672099113464355 0.0010790824890136719
6.368927478790283 0.001077413558959961
6.371622085571289 0.0010986328125
6.374415874481201 0.0010764598846435547
6.374547481536865 0.0010879039764404297
6.375856876373291 0.001077413558959961
6.378453254699707 0.0010809898376464844
6.378828048706055 0.0010790824890136719
6.3811211585998535 0.0010802745819091797
6.383301258087158 0.001081228256225586
6.384862899780273 0.0010800361633300781
6.386591911315918 0.001094818115234375
6.387683391571045 0.0010805130004882812
6.389854907989502 0.0010979175567626953
6.392190933227539 0.0010805130004882812
6.393421173095703 0.001088857650756836
6.394868850708008 0.0010786056518554688
6.396870136260986 0.0010781288146972656
6.3979973793029785 0.0010879039764404297
6.39853048324585 0.0010790824890136719
6.400388240814209 0.0010788440704345703
6.401928901672363 0.0010793209075927734
6.404423236846924 0.0011074542999267578
6.4072747230529785 0.0010752677917480469
6.408228874206543 0.0011019706726074219
6.410196781158447 0.0010859966278076172
6.4123430252075195 0.001085042953491211
6.413640975952148 0.001079559326171875
6.415656089782715 0.0010814666748046875
6.417858123779297 0.0010805130004882812
6.420635223388672 0.0010809898376464844
6.422574043273926 0.001081228256225586
6.424179553985596 0.0010814666748046875
6.424372673034668 0.0010972023010253906
6.425756931304932 0.0010766983032226562
6.427271366119385 0.0011022090911865234
6.4293413162231445 0.0010797977447509766
6.431524753570557 0.0011050701141357422
6.4324493408203125 0.0010788440704345703
6.432734966278076 0.0010781288146972656
6.435157299041748 0.0010797977447509766
6.4366135597229 0.001077413558959961
6.437483787536621 0.0010793209075927734
6.439208030700684 0.0010786056518554688
6.441040515899658 0.0010771751403808594
6.442514896392822 0.0010800361633300781
6.445356369018555 0.0010983943939208984
6.445601463317871 0.0010826587677001953
6.446136951446533 0.0010921955108642578
6.447771072387695 0.0010814666748046875
6.449508190155029 0.001079559326171875
6.450684547424316 0.0010864734649658203
6.451259613037109 0.0010797977447509766
6.453108310699463 0.0010805130004882812
6.454908847808838 0.0010771751403808594
6.456694602966309 0.0010776519775390625
6.4580278396606445 0.0010826587677001953
6.4611382484436035 0.0010819435119628906
6.461772441864014 0.0010802745819091797
6.4627203941345215 0.0010955333709716797
6.4630584716796875 0.0010800361633300781
6.463858127593994 0.0010907649993896484
6.464037895202637 0.0010755062103271484
6.464217185974121 0.0010933876037597656
6.464519500732422 0.0010788440704345703
6.467320442199707 0.0010898113250732422
6.4697675704956055 0.0010783672332763672
6.4720892906188965 0.014917135238647461
6.472973823547363 0.001100778579711914
6.474108695983887 0.0010919570922851562
6.474917888641357 0.0010919570922851562
6.475485324859619 0.0010821819305419922
6.477009296417236 0.0010843276977539062
6.477842330932617 0.0010924339294433594
6.478055000305176 0.0010840892791748047
6.480936527252197 0.0011086463928222656
6.48200798034668 0.0010843276977539062
6.483081340789795 0.0010991096496582031
6.4834489822387695 0.0010883808135986328
6.4856791496276855 0.0010826587677001953
6.486603260040283 0.0010809898376464844
6.487888336181641 0.0010805130004882812
6.489378929138184 0.0010957717895507812
6.492079257965088 0.001081705093383789
6.492509365081787 0.0010988712310791016
6.4941325187683105 0.0010838508605957031
6.494709014892578 0.0010941028594970703
6.494949817657471 0.0010838508605957031
6.496593475341797 0.0010843276977539062
6.498579502105713 0.0010819435119628906
6.499980926513672 0.001087188720703125
6.502645015716553 0.0010895729064941406
6.503498554229736 0.0010819435119628906
6.50364351272583 0.0011036396026611328
6.504487991333008 0.0010824203491210938
6.507024765014648 0.001094818115234375
6.51005220413208 0.0010802745819091797
6.511299133300781 0.0010950565338134766
6.512077331542969 0.0010845661163330078
6.514052391052246 0.0011019706726074219
6.515885829925537 0.0010843276977539062
6.517341613769531 0.0010838508605957031
6.5198540687561035 0.0010807514190673828
6.521097183227539 0.001081228256225586
6.522707462310791 0.0010924339294433594
6.523859024047852 0.001079559326171875
6.5268168449401855 0.0011096000671386719
6.527420997619629 0.0010793209075927734
6.529118537902832 0.0010936260223388672
6.530035495758057 0.0010776519775390625
6.531254291534424 0.0010957717895507812
6.5336151123046875 0.0010783672332763672
6.535089015960693 0.007019996643066406
6.535838603973389 0.0010802745819091797
6.536506175994873 0.001081228256225586
6.537172794342041 0.0010800361633300781
6.537840843200684 0.0011017322540283203
6.538089275360107 0.001081705093383789
6.539749622344971 0.0011031627655029297
6.54158878326416 0.0010788440704345703
6.542829990386963 0.0010879039764404297
6.544512748718262 0.0010807514190673828
6.545872211456299 0.0010938644409179688
6.546875 0.001081228256225586
6.547743320465088 0.0010821819305419922
6.5494561195373535 0.0010824203491210938
6.550900459289551 0.0010824203491210938
