0.00016668584430590272 0.0014853477478027344
0.0018088680226355791 0.001024484634399414
0.11793152987957001 0.0010251998901367188
0.2801923155784607 0.0010173320770263672
0.33945032954216003 0.0010170936584472656
0.41803818941116333 0.0015645027160644531
0.5763407945632935 0.0010113716125488281
1.0706684589385986 0.0010194778442382812
1.5585579872131348 0.001010894775390625
1.7389438152313232 0.0010263919830322266
1.6312587261199951 0.0010166168212890625
1.381554126739502 0.0010304450988769531
0.8308075666427612 0.0010118484497070312
0.8122689127922058 0.0010216236114501953
0.8193472027778625 0.0010161399841308594
0.9945228695869446 0.0010213851928710938
0.9967974424362183 0.0010101795196533203
0.9149713516235352 0.0010223388671875
1.0309869050979614 0.0010118484497070312
1.2218141555786133 0.0010194778442382812
1.0676743984222412 0.001009225845336914
0.8980242013931274 0.0010256767272949219
0.8334200382232666 0.001035928726196289
1.1316642761230469 0.0010612010955810547
1.5796111822128296 0.0010106563568115234
1.6853806972503662 0.0010178089141845703
1.097382664680481 0.001004934310913086
0.9550737142562866 0.0010340213775634766
0.9936977624893188 0.0010116100311279297
1.3711645603179932 0.0010411739349365234
1.8421621322631836 0.0010173320770263672
1.148577332496643 0.0010211467742919922
0.9550015330314636 0.0010106563568115234
1.1951930522918701 0.001010894775390625
1.3154062032699585 0.0010061264038085938
1.570632815361023 0.0010075569152832031
1.4182838201522827 0.0010104179382324219
0.8840564489364624 0.001013040542602539
0.8693023324012756 0.0010068416595458984
1.005082368850708 0.0010077953338623047
1.4587254524230957 0.0010085105895996094
1.9939308166503906 0.0010106563568115234
1.3171087503433228 0.0010111331939697266
1.080411434173584 0.001009225845336914
1.1029707193374634 0.0010225772857666016
1.7206995487213135 0.0010156631469726562
2.027156352996826 0.0010123252868652344
2.092881202697754 0.0010089874267578125
1.3560717105865479 0.0010106563568115234
1.1937675476074219 0.001009225845336914
1.2042303085327148 0.001013040542602539
1.7948980331420898 0.0010662078857421875
2.777365207672119 0.001013040542602539
1.7351566553115845 0.0010135173797607422
1.6972547769546509 0.001005411148071289
1.6925450563430786 0.0010097026824951172
1.763481855392456 0.0010061264038085938
2.8537888526916504 0.001010894775390625
2.9280617237091064 0.001007080078125
2.7868504524230957 0.001007080078125
2.3812954425811768 0.0010051727294921875
2.1244101524353027 0.0010073184967041016
2.128958225250244 0.0009944438934326172
2.5929017066955566 0.0009968280792236328
2.91201114654541 0.0009946823120117188
2.5781476497650146 0.0010249614715576172
2.56420636177063 0.0010154247283935547
2.5428874492645264 0.0009980201721191406
2.641371488571167 0.0009944438934326172
3.0657689571380615 0.000997304916381836
3.9486608505249023 0.0009913444519042969
2.95288348197937 0.0010187625885009766
2.6779918670654297 0.0009930133819580078
2.687296152114868 0.0009903907775878906
2.8314268589019775 0.0009925365447998047
3.181169033050537 0.0009920597076416016
3.248561382293701 0.0009889602661132812
2.741861581802368 0.000993967056274414
2.6172590255737305 0.001008749008178711
2.857816219329834 0.0010020732879638672
3.4953627586364746 0.001001119613647461
3.1478450298309326 0.0010008811950683594
2.642091751098633 0.0010018348693847656
2.6974949836730957 0.0010044574737548828
3.068845510482788 0.0009996891021728516
3.336756467819214 0.0010018348693847656
3.6832447052001953 0.0009999275207519531
3.6613619327545166 0.0010111331939697266
2.8869709968566895 0.00099945068359375
2.6434576511383057 0.0010008811950683594
3.008652448654175 0.0009980201721191406
3.3915092945098877 0.0010077953338623047
3.09883451461792 0.0009996891021728516
3.0806164741516113 0.0010128021240234375
3.0590054988861084 0.000997304916381836
3.189645290374756 0.001009225845336914
3.817256212234497 0.0010035037994384766
4.253962993621826 0.0010197162628173828
3.2194745540618896 0.0009987354278564453
3.0614960193634033 0.001018524169921875
3.1452527046203613 0.000997781753540039
3.410876750946045 0.0010159015655517578
4.048678874969482 0.0009987354278564453
3.16239857673645 0.001016855239868164
2.8989076614379883 0.0010039806365966797
3.0188913345336914 0.0010209083557128906
3.6296212673187256 0.0010006427764892578
4.836226940155029 0.0010232925415039062
3.086465835571289 0.0010025501251220703
3.0045268535614014 0.0010097026824951172
3.305593729019165 0.001005411148071289
3.9696853160858154 0.0010097026824951172
3.3644981384277344 0.0010018348693847656
3.28594970703125 0.0010209083557128906
3.4352762699127197 0.0009999275207519531
5.08411979675293 0.0010285377502441406
3.7330193519592285 0.0010004043579101562
3.331174850463867 0.0010144710540771484
3.506146192550659 0.001003265380859375
4.232247829437256 0.0010111331939697266
3.7857518196105957 0.0010001659393310547
3.277761936187744 0.001020669937133789
3.3385846614837646 0.0010039806365966797
3.428229808807373 0.0010368824005126953
4.076845645904541 0.0010042190551757812
3.46006441116333 0.0010225772857666016
3.0882070064544678 0.0010082721710205078
3.214606761932373 0.0010116100311279297
4.527647972106934 0.0010025501251220703
6.721776485443115 0.0010106563568115234
4.448389530181885 0.0009999275207519531
3.65563702583313 0.0010035037994384766
3.609227418899536 0.001003265380859375
3.7667438983917236 0.0010056495666503906
3.9144294261932373 0.0009999275207519531
4.547619819641113 0.001007080078125
3.6861910820007324 0.0010001659393310547
3.5446009635925293 0.0010018348693847656
3.676029920578003 0.0010066032409667969
4.058703899383545 0.0010488033294677734
3.923125743865967 0.0010182857513427734
3.7096893787384033 0.0010116100311279297
3.6735289096832275 0.001020669937133789
4.040711402893066 0.0010051727294921875
4.2717413902282715 0.0010242462158203125
5.446849346160889 0.0010027885437011719
3.7641026973724365 0.001020193099975586
3.6249823570251465 0.001007080078125
3.9518251419067383 0.0010292530059814453
5.052769660949707 0.0010039806365966797
4.275265216827393 0.0010228157043457031
3.5813820362091064 0.0010080337524414062
3.8048839569091797 0.0010025501251220703
4.974019527435303 0.0010080337524414062
4.334980487823486 0.0010035037994384766
4.155633926391602 0.001001596450805664
4.255527019500732 0.0010035037994384766
5.9033308029174805 0.0010056495666503906
4.66763162612915 0.001001596450805664
4.437220573425293 0.0010044574737548828
4.527570724487305 0.0010042190551757812
5.443022727966309 0.0010039806365966797
5.835599422454834 0.0010030269622802734
4.837957382202148 0.0010044574737548828
4.411319255828857 0.0010027885437011719
4.835912704467773 0.0010018348693847656
6.328689098358154 0.0010075569152832031
4.939423084259033 0.0010094642639160156
4.644004821777344 0.001001596450805664
5.1391448974609375 0.0010099411010742188
6.348659992218018 0.0010020732879638672
4.8029890060424805 0.0010159015655517578
4.682252407073975 0.0009989738464355469
6.02522611618042 0.0010221004486083984
5.002997875213623 0.0010056495666503906
4.874958515167236 0.0010089874267578125
5.672773838043213 0.0010020732879638672
5.3296661376953125 0.0010149478912353516
4.897505760192871 0.0009980201721191406
5.758251190185547 0.0010159015655517578
5.814186096191406 0.0009996891021728516
5.073416709899902 0.0010235309600830078
5.431123733520508 0.0010113716125488281
6.374989032745361 0.0010504722595214844
5.271613121032715 0.0010042190551757812
5.420746326446533 0.0010230541229248047
7.198897838592529 0.0010008811950683594
5.405340194702148 0.0010192394256591797
5.463831424713135 0.0010077953338623047
6.068563938140869 0.0010223388671875
6.314291000366211 0.0010030269622802734
10.257478713989258 0.001008749008178711
5.690368175506592 0.0010008811950683594
5.171208381652832 0.0010066032409667969
5.204360485076904 0.0009899139404296875
7.164135456085205 0.0010061264038085938
5.246266841888428 0.0009944438934326172
5.23353910446167 0.0009920597076416016
5.276778221130371 0.0009853839874267578
6.119716644287109 0.0009932518005371094
5.509440898895264 0.0009875297546386719
5.4348464012146 0.0009868144989013672
6.063235282897949 0.0009882450103759766
5.999325275421143 0.000990152359008789
5.683686256408691 0.000986337661743164
5.994777679443359 0.0009949207305908203
7.676019191741943 0.000988006591796875
6.60598087310791 0.0009887218475341797
6.221174240112305 0.0009908676147460938
6.1742753982543945 0.0009903907775878906
6.202531814575195 0.0010068416595458984
6.721776485443115 0.0009894371032714844
7.131950855255127 0.0009908676147460938
6.897867679595947 0.0009877681732177734
5.914466857910156 0.000988006591796875
5.95379638671875 0.000986337661743164
7.800957679748535 0.000995635986328125
7.579109191894531 0.0009894371032714844
5.841916084289551 0.0010008811950683594
5.977048873901367 0.0009865760803222656
10.257478713989258 0.0010166168212890625
7.047630310058594 0.0009887218475341797
5.927831172943115 0.0010004043579101562
5.994777679443359 0.0009868144989013672
7.499927520751953 0.0009961128234863281
5.648669242858887 0.0009920597076416016
5.704047679901123 0.000997781753540039
5.7530341148376465 0.000995635986328125
7.073958873748779 0.0010213851928710938
6.147745132446289 0.0009899139404296875
5.835599422454834 0.0010023117065429688
6.015627861022949 0.0009930133819580078
6.60598087310791 0.0010118484497070312
7.977048873901367 0.0009860992431640625
5.795205593109131 0.0009999275207519531
5.7729291915893555 0.0009846687316894531
7.499927520751953 0.0009856224060058594
6.44556999206543 0.0009887218475341797
6.010907173156738 0.0009868144989013672
6.492749214172363 0.0009870529174804688
7.499927520751953 0.0009918212890625
6.333596229553223 0.0009839534759521484
6.364264965057373 0.000986337661743164
6.44556999206543 0.00098419189453125
7.047630310058594 0.0009913444519042969
6.687014579772949 0.0009908676147460938
6.228860855102539 0.0009915828704833984
7.499927520751953 0.0009942054748535156
7.579109191894531 0.000986337661743164
6.374989032745361 0.0009868144989013672
6.60598087310791 0.0009875297546386719
7.499927520751953 0.0009844303131103516
6.644610404968262 0.0009992122650146484
6.676019191741943 0.0009856224060058594
7.2366862297058105 0.0009891986846923828
7.101987838745117 0.0009865760803222656
6.432981014251709 0.0009920597076416016
6.880138874053955 0.0009870529174804688
10.257478713989258 0.0009870529174804688
6.687014579772949 0.0010139942169189453
6.60598087310791 0.0009903907775878906
6.916351318359375 0.0010066032409667969
7.2366862297058105 0.000990152359008789
6.397265434265137 0.0009965896606445312
6.278079032897949 0.0009875297546386719
6.348659992218018 0.001001119613647461
7.800957679748535 0.0009846687316894531
6.338559627532959 0.0010063648223876953
6.170868873596191 0.0009951591491699219
6.596837520599365 0.0009915828704833984
7.022806644439697 0.0009906291961669922
6.955859661102295 0.0009884834289550781
5.7995123863220215 0.0009868144989013672
6.300355434417725 0.0010037422180175781
7.073958873748779 0.0009870529174804688
6.217381000518799 0.0009872913360595703
5.943625450134277 0.0009870529174804688
6.027658939361572 0.0009887218475341797
6.195293426513672 0.0010030269622802734
6.138199806213379 0.0009870529174804688
6.213621139526367 0.0009961128234863281
6.863105773925781 0.0009968280792236328
6.465165615081787 0.000997304916381836
6.128859996795654 0.0009908676147460938
6.4147562980651855 0.0010106563568115234
7.278079032897949 0.0009872913360595703
6.507226943969727 0.0009992122650146484
6.507226943969727 0.0009875297546386719
10.257478713989258 0.000997304916381836
6.654829502105713 0.0009889602661132812
6.654829502105713 0.0010068416595458984
7.198897838592529 0.0009915828704833984
7.047630310058594 0.001003265380859375
6.323836326599121 0.0009875297546386719
6.338559627532959 0.0009999275207519531
7.579109191894531 0.0009891986846923828
6.426820755004883 0.0009963512420654297
6.323836326599121 0.0009932518005371094
6.977048873901367 0.0009846687316894531
6.364264965057373 0.0009908676147460938
6.198897838592529 0.000986337661743164
7.047630310058594 0.0009865760803222656
7.800957679748535 0.000986337661743164
5.923970699310303 0.0009903907775878906
6.432981014251709 0.0009875297546386719
6.545685291290283 0.0009899139404296875
6.333596229553223 0.0009860992431640625
6.2366862297058105 0.0009899139404296875
6.44556999206543 0.000988006591796875
6.9356560707092285 0.0009849071502685547
6.830921173095703 0.0009889602661132812
6.093387603759766 0.0009930133819580078
6.529891014099121 0.0009887218475341797
10.257478713989258 0.0009908676147460938
6.654829502105713 0.0009915828704833984
6.408847332000732 0.000985860824584961
6.492749214172363 0.000988006591796875
7.101987838745117 0.0009865760803222656
6.471899032592773 0.000988006591796875
6.545685291290283 0.0009911060333251953
7.977048873901367 0.0011150836944580078
6.746600151062012 0.0010097026824951172
6.4520039558410645 0.0009913444519042969
7.579109191894531 0.0010061264038085938
6.977048873901367 0.000986337661743164
6.676019191741943 0.0010154247283935547
10.257478713989258 0.0009875297546386719
6.999325275421143 0.0009932518005371094
7.131950855255127 0.000985860824584961
7.977048873901367 0.0009968280792236328
7.323836326599121 0.001102447509765625
6.897867679595947 0.0010228157043457031
6.9356560707092285 0.0009911060333251953
10.257478713989258 0.0009946823120117188
7.278079032897949 0.0009925365447998047
6.9356560707092285 0.0009982585906982422
7.432981014251709 0.000993967056274414
7.800957679748535 0.001013040542602539
7.131950855255127 0.0009877681732177734
7.977048873901367 0.0010159015655517578
10.257478713989258 0.0009849071502685547
7.2366862297058105 0.0009951591491699219
7.374989032745361 0.000988006591796875
10.257478713989258 0.0009992122650146484
7.800957679748535 0.0009922981262207031
7.499927520751953 0.0009963512420654297
7.977048873901367 0.0009942054748535156
8.27807903289795 0.001008749008178711
7.977048873901367 0.0009927749633789062
7.800957679748535 0.0010058879852294922
10.257478713989258 0.0009930133819580078
7.977048873901367 0.0010101795196533203
7.800957679748535 0.0009920597076416016
7.977048873901367 0.0010037422180175781
10.257478713989258 0.0009882450103759766
7.977048873901367 0.0010199546813964844
7.977048873901367 0.0009906291961669922
10.257478713989258 0.00099945068359375
10.257478713989258 0.0009906291961669922
7.579109191894531 0.0009925365447998047
7.977048873901367 0.000986337661743164
7.800957679748535 0.0009891986846923828
7.579109191894531 0.0009903907775878906
7.800957679748535 0.000985860824584961
7.800957679748535 0.0009853839874267578
7.323836326599121 0.0009911060333251953
7.977048873901367 0.0009846687316894531
10.257478713989258 0.0009911060333251953
7.676019191741943 0.0009918212890625
7.800957679748535 0.000988006591796875
8.27807903289795 0.0009958744049072266
7.676019191741943 0.0009918212890625
10.257478713989258 0.0009944438934326172
7.977048873901367 0.0009920597076416016
10.257478713989258 0.0010030269622802734
10.257478713989258 0.0009856224060058594
8.27807903289795 0.0010039806365966797
8.27807903289795 0.0009913444519042969
10.257478713989258 0.0009982585906982422
10.257478713989258 0.0009922981262207031
10.257478713989258 0.0009989738464355469
10.257478713989258 0.0009846687316894531
10.257478713989258 0.0010128021240234375
10.257478713989258 0.0009837150573730469
10.257478713989258 0.0010051727294921875
10.257478713989258 0.0009903907775878906
10.257478713989258 0.0010037422180175781
10.257478713989258 0.000985860824584961
10.257478713989258 0.0009999275207519531
10.257478713989258 0.0009899139404296875
10.257478713989258 0.0010025501251220703
10.257478713989258 0.0009946823120117188
10.257478713989258 0.0010020732879638672
10.257478713989258 0.0009906291961669922
10.257478713989258 0.0010483264923095703
10.257478713989258 0.0009891986846923828
10.257478713989258 0.0010089874267578125
10.257478713989258 0.000986337661743164
10.257478713989258 0.0009989738464355469
10.257478713989258 0.0009918212890625
10.257478713989258 0.001010894775390625
10.257478713989258 0.0009884834289550781
10.257478713989258 0.0010068416595458984
10.257478713989258 0.000986337661743164
10.257478713989258 0.0010068416595458984
10.257478713989258 0.0009891986846923828
10.257478713989258 0.0009965896606445312
10.257478713989258 0.0009925365447998047
10.257478713989258 0.0010066032409667969
10.257478713989258 0.0009868144989013672
10.257478713989258 0.0011174678802490234
10.257478713989258 0.0009887218475341797
10.257478713989258 0.0010018348693847656
10.257478713989258 0.0009868144989013672
10.257478713989258 0.0009942054748535156
10.257478713989258 0.0009903907775878906
10.257478713989258 0.0010018348693847656
10.257478713989258 0.0009860992431640625
10.257478713989258 0.0010156631469726562
10.257478713989258 0.0009856224060058594
10.257478713989258 0.0009925365447998047
10.257478713989258 0.000989675521850586
10.257478713989258 0.0009908676147460938
10.257478713989258 0.0009865760803222656
10.257478713989258 0.001020193099975586
10.257478713989258 0.001001119613647461
10.257478713989258 0.0010023117065429688
10.257478713989258 0.00099945068359375
10.257478713989258 0.0009913444519042969
10.257478713989258 0.000993490219116211
10.257478713989258 0.0009953975677490234
10.257478713989258 0.0010099411010742188
10.257478713989258 0.0009891986846923828
10.257478713989258 0.001001119613647461
10.257478713989258 0.0009911060333251953
10.257478713989258 0.0010111331939697266
10.257478713989258 0.0009891986846923828
10.257478713989258 0.0010073184967041016
10.257478713989258 0.0009889602661132812
10.257478713989258 0.0009953975677490234
10.257478713989258 0.0009889602661132812
10.257478713989258 0.0010056495666503906
10.257478713989258 0.000988006591796875
10.257478713989258 0.001001119613647461
10.257478713989258 0.0009872913360595703
